371453
358966
341464
316608
288137
255281
219079
181681
141092
100077
59070.1
16746

425365
409731
388438
358940
324793
285623
242960
198961
151956
104874
58043.5
10180.4

640846
620076
588579
542015
491944
431712
364452
297280
222645
148322
75390.2
891.547

639295
620073
590622
545234
496909
438858
373000
307985
236212
164524
95060.1
23327.2

615357
597103
569152
525681
479607
424125
360854
298382
229320
160257
93324.3
24097.8

549600
530907
503811
462514
419676
368737
310930
254544
192798
132025
73856.8
14290.1

235802
226604
214532
196245
177721
156672
133131
111663
89261.3
68036.5
49718.5
31615.3

66817.2
61687.5
56411.3
48414.8
41445.2
34818.9
27486.2
22145.3
18002.7
14912.2
14803.2
16329

59210.2
54320.9
49616.7
42165
35808
29996.9
23325.9
18742.6
15505.8
13144.8
13768.6
15985.5

56610.7
51434.3
46561
38984.9
32422.3
26257
19381.1
14717.4
11413.1
9123.4
9703.24
11888

43702.3
38726.3
33691
26658.4
21280.1
16240.7
11009.9
8288.53
6467.91
5570.73
6547.13
7651.15

98623.7
93177.6
86802.4
77699.2
70118.1
61648.7
52112.7
44478
36968.2
30917
26637.4
21815.5

105725
99946.4
92968.8
83267.2
74828.7
65588.8
55373.9
46849.4
38493.1
31633.5
26525.1
20967.5

110994
104857
97663.3
87911.5
79541.6
70462.6
60312
51792.7
43545.2
36583
31320.6
25569.6

134562
126651
116817
103395
91030.3
77713.2
63101.2
50428.8
38167.8
27239.8
18383
9469.27

139652
132147
123129
109788
96359.5
82380.7
66047.1
51381.6
38002.6
23693.7
11304.9
95.4703

164914
158130
149831
137165
124164
110358
93950
78865.6
64627.1
49275.9
35666.8
23057.7

386886
375630
361534
341534
319912
296768
270581
245226
220374
194082
168954
144887

4.41502e+006
4.28888e+006
4.11647e+006
3.89828e+006
3.64157e+006
3.34597e+006
3.01449e+006
2.65346e+006
2.27366e+006
1.87893e+006
1.47346e+006
1.06197e+006

8.52723e+006
8.38177e+006
8.15859e+006
7.85525e+006
7.48055e+006
7.03767e+006
6.52843e+006
5.96466e+006
5.35326e+006
4.6996e+006
4.01403e+006
3.30043e+006

9.63771e+006
9.49568e+006
9.26578e+006
8.94615e+006
8.5477e+006
8.07205e+006
7.52087e+006
6.90755e+006
6.23814e+006
5.52034e+006
4.76682e+006
3.98221e+006

1.15369e+007
1.13449e+007
1.10572e+007
1.06746e+007
1.02081e+007
9.66166e+006
9.0397e+006
8.35546e+006
7.61626e+006
6.83208e+006
6.01583e+006
5.17335e+006

1.69663e+007
1.64437e+007
1.57827e+007
1.49875e+007
1.408e+007
1.30682e+007
1.1958e+007
1.07831e+007
9.56302e+006
8.30636e+006
7.037e+006
5.7565e+006

3.19672e+007
3.16271e+007
3.10941e+007
3.03724e+007
2.94726e+007
2.84035e+007
2.71783e+007
2.58152e+007
2.43304e+007
2.27395e+007
2.1061e+007
1.93112e+007

3.29031e+007
3.25744e+007
3.20352e+007
3.12907e+007
3.03509e+007
2.92241e+007
2.79214e+007
2.64598e+007
2.48549e+007
2.31242e+007
2.12869e+007
1.93588e+007

3.53407e+007
3.48009e+007
3.40332e+007
3.30464e+007
3.18585e+007
3.04799e+007
2.89223e+007
2.72081e+007
2.53557e+007
2.33896e+007
2.1334e+007
1.92067e+007

4.73148e+007
4.64206e+007
4.5201e+007
4.36544e+007
4.17935e+007
3.96503e+007
3.72605e+007
3.46544e+007
3.18484e+007
2.88763e+007
2.57794e+007
2.25854e+007

6.72006e+007
6.65185e+007
6.54121e+007
6.38929e+007
6.19819e+007
5.97003e+007
5.70757e+007
5.41415e+007
5.093e+007
4.74767e+007
4.38195e+007
3.99967e+007

6.64046e+007
6.57495e+007
6.4671e+007
6.31801e+007
6.12953e+007
5.90373e+007
5.64323e+007
5.35118e+007
5.03069e+007
4.68525e+007
4.31873e+007
3.935e+007

6.40711e+007
6.32656e+007
6.2058e+007
6.04608e+007
5.84946e+007
5.61837e+007
5.3552e+007
5.06354e+007
4.74712e+007
4.40944e+007
4.05441e+007
3.68561e+007

7.76221e+007
7.60639e+007
7.41201e+007
7.18304e+007
6.92337e+007
6.6337e+007
6.31666e+007
5.97532e+007
5.61536e+007
5.24294e+007
4.86105e+007
4.4718e+007

7.06727e+007
6.98789e+007
6.86159e+007
6.69004e+007
6.47474e+007
6.21745e+007
5.92105e+007
5.5896e+007
5.22771e+007
4.83953e+007
4.42866e+007
3.9988e+007

7.23749e+007
7.16057e+007
7.03464e+007
6.8615e+007
6.64296e+007
6.38074e+007
6.0775e+007
5.73706e+007
5.36387e+007
4.96248e+007
4.53686e+007
4.09071e+007

7.20454e+007
7.11958e+007
6.98654e+007
6.80749e+007
6.58461e+007
6.31944e+007
6.01527e+007
5.67631e+007
5.30685e+007
4.91157e+007
4.49411e+007
4.05815e+007

6.89136e+007
6.67512e+007
6.40946e+007
6.09914e+007
5.74928e+007
5.36653e+007
4.95491e+007
4.51616e+007
4.05483e+007
3.57847e+007
3.09256e+007
2.60135e+007

6.19149e+007
6.11781e+007
6.00041e+007
5.84067e+007
5.64083e+007
5.40311e+007
5.13052e+007
4.82713e+007
4.49669e+007
4.14287e+007
3.76955e+007
3.3806e+007

6.16004e+007
6.0931e+007
5.98318e+007
5.8315e+007
5.64031e+007
5.41164e+007
5.14811e+007
4.85327e+007
4.53053e+007
4.18368e+007
3.81658e+007
3.43278e+007

5.96817e+007
5.89818e+007
5.78749e+007
5.63748e+007
5.45044e+007
5.22844e+007
4.97417e+007
4.69123e+007
4.38279e+007
4.05218e+007
3.70336e+007
3.33977e+007

7.14703e+007
7.0146e+007
6.83639e+007
6.61526e+007
6.35287e+007
6.05347e+007
5.72035e+007
5.35556e+007
4.96512e+007
4.55463e+007
4.12788e+007
3.6901e+007

5.65908e+007
5.55468e+007
5.41151e+007
5.23656e+007
5.03056e+007
4.79303e+007
4.52569e+007
4.23439e+007
3.92328e+007
3.59316e+007
3.24753e+007
2.89114e+007

6.47436e+007
6.38217e+007
6.23412e+007
6.0329e+007
5.78123e+007
5.48316e+007
5.14458e+007
4.77109e+007
4.3675e+007
3.94013e+007
3.49575e+007
3.03985e+007

7.3947e+007
7.27411e+007
7.08117e+007
6.82067e+007
6.49836e+007
6.12184e+007
5.70002e+007
5.24104e+007
4.75235e+007
4.24257e+007
3.72016e+007
3.19191e+007

4.10939e+007
3.94989e+007
3.71862e+007
3.4285e+007
3.09681e+007
2.7464e+007
2.39134e+007
2.03504e+007
1.68466e+007
1.35361e+007
1.05073e+007
7.79816e+006

7.93852e+007
7.53855e+007
6.95896e+007
6.25648e+007
5.48426e+007
4.68951e+007
3.90492e+007
3.14762e+007
2.43103e+007
1.7669e+007
1.1632e+007
6.36224e+006

7.12323e+007
6.76659e+007
6.23368e+007
5.57967e+007
4.85816e+007
4.11692e+007
3.38862e+007
2.68797e+007
2.02727e+007
1.42088e+007
8.78363e+006
4.14777e+006

6.83982e+007
6.45871e+007
5.89119e+007
5.19884e+007
4.44173e+007
3.67344e+007
2.93162e+007
2.23426e+007
1.5952e+007
1.02863e+007
5.43013e+006
1.50713e+006

1.04212e+008
9.38983e+007
7.92584e+007
6.19351e+007
4.36014e+007
2.58173e+007
9.84011e+006
-3.32019e+006
-1.29573e+007
-1.87019e+007
-2.04825e+007
-1.85412e+007

1.64181e+008
1.49905e+008
1.28514e+008
1.02417e+008
7.43777e+007
4.71268e+007
2.29241e+007
3.23475e+006
-1.11228e+007
-1.9771e+007
-2.29048e+007
-2.11035e+007

1.69523e+008
1.5528e+008
1.33631e+008
1.07002e+008
7.81606e+007
4.98845e+007
2.44704e+007
3.45329e+006
-1.21811e+007
-2.19012e+007
-2.57701e+007
-2.42892e+007

1.7388e+008
1.59112e+008
1.36716e+008
1.092e+008
7.94303e+007
5.02735e+007
2.40901e+007
2.46764e+006
-1.35713e+007
-2.34868e+007
-2.73567e+007
-2.57214e+007

1.68597e+008
1.51503e+008
1.26831e+008
9.76586e+007
6.73036e+007
3.89273e+007
1.48821e+007
-3.60786e+006
-1.60745e+007
-2.25648e+007
-2.39126e+007
-2.13182e+007

2.17838e+008
1.93873e+008
1.58653e+008
1.17127e+008
7.47257e+007
3.6505e+007
6.17261e+006
-1.43753e+007
-2.47628e+007
-2.57835e+007
-1.93008e+007
-7.7363e+006

2.16297e+008
1.92993e+008
1.58336e+008
1.17265e+008
7.5193e+007
3.71469e+007
6.85762e+006
-1.37309e+007
-2.42226e+007
-2.54387e+007
-1.92434e+007
-8.05099e+006

2.11327e+008
1.88282e+008
1.54081e+008
1.13691e+008
7.25528e+007
3.56782e+007
6.70517e+006
-1.25573e+007
-2.18708e+007
-2.22397e+007
-1.56848e+007
-4.70548e+006

3.02194e+008
2.69787e+008
2.22154e+008
1.66289e+008
1.09613e+008
5.86126e+007
1.78721e+007
-1.04399e+007
-2.62021e+007
-3.09297e+007
-2.70521e+007
-1.71855e+007

2.84043e+008
2.48804e+008
1.96373e+008
1.33866e+008
6.91597e+007
9.58363e+006
-3.90754e+007
-7.3229e+007
-9.15096e+007
-9.45769e+007
-8.47933e+007
-6.55777e+007

2.9185e+008
2.55543e+008
2.01116e+008
1.36133e+008
6.89264e+007
7.20994e+006
-4.29777e+007
-7.79274e+007
-9.62809e+007
-9.87859e+007
-8.79599e+007
-6.74588e+007

2.98684e+008
2.606e+008
2.03748e+008
1.36234e+008
6.68789e+007
3.72288e+006
-4.71106e+007
-8.20781e+007
-1.00115e+008
-1.02241e+008
-9.11371e+007
-7.05278e+007

3.48962e+008
2.94419e+008
2.15403e+008
1.24076e+008
3.32123e+007
-4.58901e+007
-1.05312e+008
-1.41316e+008
-1.53904e+008
-1.46134e+008
-1.22882e+008
-9.00276e+007

3.38635e+008
2.82461e+008
2.00211e+008
1.05286e+008
1.18392e+007
-6.78921e+007
-1.25515e+008
-1.57269e+008
-1.63697e+008
-1.48885e+008
-1.19334e+008
-8.23547e+007

3.43384e+008
2.86914e+008
2.03903e+008
1.07947e+008
1.34471e+007
-6.7111e+007
-1.25148e+008
-1.56899e+008
-1.63068e+008
-1.4792e+008
-1.18126e+008
-8.11282e+007

3.41842e+008
2.84675e+008
2.01016e+008
1.04774e+008
1.05572e+007
-6.90804e+007
-1.25658e+008
-1.55632e+008
-1.59988e+008
-1.43309e+008
-1.12574e+008
-7.55474e+007

2.48785e+008
2.0878e+008
1.51951e+008
8.83223e+007
2.78753e+007
-2.15054e+007
-5.48323e+007
-7.05233e+007
-6.97674e+007
-5.60922e+007
-3.48101e+007
-1.16538e+007

2.27526e+008
1.84053e+008
1.2553e+008
6.56365e+007
1.48153e+007
-2.18129e+007
-4.32276e+007
-5.07073e+007
-4.58159e+007
-3.07659e+007
-9.90851e+006
1.05715e+007

2.30807e+008
1.88031e+008
1.30101e+008
7.04428e+007
1.94516e+007
-1.76889e+007
-3.98526e+007
-4.81509e+007
-4.40042e+007
-2.94609e+007
-8.78637e+006
1.18141e+007

2.29108e+008
1.85063e+008
1.26945e+008
6.83767e+007
1.95847e+007
-1.47227e+007
-3.43591e+007
-4.15458e+007
-3.82638e+007
-2.64137e+007
-9.37929e+006
7.83439e+006

1.99843e+008
1.55536e+008
9.68169e+007
3.8127e+007
-1.00015e+007
-4.2636e+007
-5.91397e+007
-6.0921e+007
-4.95287e+007
-2.72428e+007
1.16344e+006
2.83291e+007

2.90452e+008
2.16966e+008
1.21793e+008
3.07677e+007
-3.81612e+007
-7.8577e+007
-9.26954e+007
-8.63391e+007
-6.44516e+007
-3.15088e+007
5.63197e+006
3.79604e+007

2.82732e+008
2.09361e+008
1.14212e+008
2.31751e+007
-4.56506e+007
-8.5736e+007
-9.92477e+007
-9.2062e+007
-6.91587e+007
-3.48997e+007
3.9702e+006
3.85197e+007

2.87025e+008
2.11707e+008
1.15049e+008
2.32354e+007
-4.55988e+007
-8.52846e+007
-9.8493e+007
-9.15262e+007
-6.94594e+007
-3.64407e+007
1.28926e+006
3.54596e+007

3.05257e+008
2.13827e+008
1.0231e+008
1.98317e+006
-6.81334e+007
-1.04614e+008
-1.12699e+008
-1.00982e+008
-7.63317e+007
-4.40704e+007
-1.16375e+007
1.46175e+007

2.41885e+008
1.79438e+008
1.02302e+008
3.452e+007
-9.71281e+006
-2.89838e+007
-3.04586e+007
-2.34885e+007
-1.43313e+007
-6.05736e+006
-1.11626e+006
-1.24738e+006

2.37728e+008
1.75613e+008
9.91716e+007
3.25011e+007
-1.02766e+007
-2.79342e+007
-2.78922e+007
-1.97168e+007
-9.79812e+006
-1.28298e+006
3.33555e+006
2.33519e+006

2.26557e+008
1.66473e+008
9.3071e+007
2.95794e+007
-1.05585e+007
-2.64175e+007
-2.54032e+007
-1.68575e+007
-6.81768e+006
1.87029e+006
6.77246e+006
6.02569e+006

1.74574e+008
1.26609e+008
7.47077e+007
3.67895e+007
1.92505e+007
1.65717e+007
1.80464e+007
1.57186e+007
7.27547e+006
-3.95547e+006
-1.29552e+007
-1.69614e+007

1.40903e+008
1.15907e+008
8.62548e+007
6.17272e+007
4.66196e+007
3.91086e+007
3.42611e+007
2.80543e+007
2.00254e+007
1.25676e+007
8.26841e+006
8.05808e+006

1.37134e+008
1.12284e+008
8.31373e+007
5.95767e+007
4.57052e+007
3.92597e+007
3.48908e+007
2.84497e+007
1.97236e+007
1.1575e+007
6.95701e+006
6.83981e+006

1.31983e+008
1.07e+008
7.81086e+007
5.51808e+007
4.22292e+007
3.68478e+007
3.35852e+007
2.822e+007
2.0409e+007
1.28607e+007
8.4238e+006
8.02269e+006

1.58852e+008
1.39965e+008
1.1854e+008
9.94605e+007
8.43874e+007
7.22347e+007
6.07962e+007
4.79688e+007
3.34033e+007
1.92087e+007
7.82176e+006
762814

1.28196e+008
1.15091e+008
9.8955e+007
8.42413e+007
7.31675e+007
6.54952e+007
5.94306e+007
5.2869e+007
4.50206e+007
3.66745e+007
2.90738e+007
2.29545e+007

1.3122e+008
1.17553e+008
1.00921e+008
8.60067e+007
7.4905e+007
6.70414e+007
6.03411e+007
5.2668e+007
4.35277e+007
3.41365e+007
2.60026e+007
1.98239e+007

1.3154e+008
1.179e+008
1.01277e+008
8.62127e+007
7.47486e+007
6.63807e+007
5.91568e+007
5.11681e+007
4.21229e+007
3.31932e+007
2.56314e+007
1.99332e+007

1.19816e+008
1.07921e+008
9.43158e+007
8.15186e+007
7.03903e+007
6.05735e+007
5.11619e+007
4.14913e+007
3.17097e+007
2.2912e+007
1.57531e+007
9.88036e+006

1.15359e+008
1.05798e+008
9.37678e+007
8.17329e+007
7.0631e+007
6.04386e+007
5.06953e+007
4.07895e+007
3.09538e+007
2.23749e+007
1.61002e+007
1.21086e+007

1.15223e+008
1.07249e+008
9.65091e+007
8.46349e+007
7.25839e+007
6.09943e+007
5.01915e+007
4.00045e+007
3.05063e+007
2.23103e+007
1.59647e+007
1.14846e+007

1.15513e+008
1.0725e+008
9.6104e+007
8.37392e+007
7.11681e+007
5.91521e+007
4.81316e+007
3.79466e+007
2.86354e+007
2.08022e+007
1.5017e+007
1.12718e+007

1.25073e+008
1.17947e+008
1.08117e+008
9.69337e+007
8.50876e+007
7.28655e+007
6.06059e+007
4.86463e+007
3.75332e+007
2.78725e+007
1.99689e+007
1.37222e+007

1.0018e+008
9.38715e+007
8.5658e+007
7.69357e+007
6.81859e+007
5.93093e+007
5.01015e+007
4.06087e+007
3.15178e+007
2.36492e+007
1.72576e+007
1.20178e+007

9.69743e+007
9.12271e+007
8.37609e+007
7.58465e+007
6.78672e+007
5.96109e+007
5.08052e+007
4.14998e+007
3.23836e+007
2.43369e+007
1.76897e+007
1.2209e+007

9.60982e+007
9.04584e+007
8.32105e+007
7.56446e+007
6.80976e+007
6.02347e+007
5.16573e+007
4.2367e+007
3.30864e+007
2.47549e+007
1.77509e+007
1.18683e+007

3.75277e+007
3.1583e+007
2.4438e+007
1.74477e+007
1.12656e+007
6.04534e+006
1.71216e+006
-1.86137e+006
-4.43387e+006
-5.73743e+006
-5.96339e+006
-5.44866e+006

3.85448e+007
3.35011e+007
2.71254e+007
2.07517e+007
1.50479e+007
1.02605e+007
6.36778e+006
3.05566e+006
182263
-2.01013e+006
-3.3129e+006
-3.87653e+006

3.85198e+007
3.34972e+007
2.71413e+007
2.08069e+007
1.51673e+007
1.04715e+007
6.67785e+006
3.46949e+006
675111
-1.51156e+006
-2.90842e+006
-3.67915e+006

3.70389e+007
3.22621e+007
2.6311e+007
2.04208e+007
1.51495e+007
1.07135e+007
7.1424e+006
4.26041e+006
1.92295e+006
152826
-1.06392e+006
-1.95974e+006

1.17905e+008
1.09253e+008
9.85886e+007
8.73837e+007
7.66621e+007
6.67758e+007
5.73921e+007
4.80897e+007
3.8729e+007
2.92978e+007
1.97907e+007
1.02245e+007

1.63301e+008
1.57765e+008
1.50008e+008
1.4103e+008
1.31266e+008
1.20715e+008
1.09186e+008
9.65557e+007
8.29708e+007
6.87061e+007
5.38795e+007
3.85279e+007

1.62162e+008
1.5663e+008
1.489e+008
1.39972e+008
1.30266e+008
1.19783e+008
1.08325e+008
9.57479e+007
8.22087e+007
6.80281e+007
5.33557e+007
3.82149e+007

1.65054e+008
1.59616e+008
1.51923e+008
1.42885e+008
1.32976e+008
1.22326e+008
1.10848e+008
9.837e+007
8.48675e+007
7.04832e+007
5.54182e+007
3.99594e+007

7.34229e+007
6.84827e+007
6.26101e+007
5.65748e+007
5.09955e+007
4.5943e+007
4.11269e+007
3.61501e+007
3.06905e+007
2.46587e+007
1.81543e+007
1.15526e+007

3.01164e+007
2.74221e+007
2.36627e+007
1.94832e+007
1.54017e+007
1.17498e+007
8.65494e+006
6.08707e+006
3.98835e+006
2.34895e+006
1.15838e+006
385346

3.14905e+007
2.88036e+007
2.50141e+007
2.07774e+007
1.6624e+007
1.2876e+007
9.64888e+006
6.92618e+006
4.67782e+006
2.9089e+006
1.61157e+006
747481

2.93031e+007
2.65391e+007
2.26315e+007
1.82484e+007
1.39338e+007
1.0025e+007
6.65643e+006
3.83226e+006
1.54794e+006
-166950
-1.30212e+006
-1.89833e+006

4.45779e+007
4.14154e+007
3.68153e+007
3.13403e+007
2.54554e+007
1.95027e+007
1.37518e+007
8.44291e+006
3.82249e+006
107138
-2.62328e+006
-4.45177e+006

4.8642e+007
4.61793e+007
4.25976e+007
3.83726e+007
3.38897e+007
2.93949e+007
2.50365e+007
2.09371e+007
1.72278e+007
1.39981e+007
1.12402e+007
8.86619e+006

4.67381e+007
4.44025e+007
4.09601e+007
3.68599e+007
3.24854e+007
2.81031e+007
2.38869e+007
1.99674e+007
1.64636e+007
1.3455e+007
1.09293e+007
8.79512e+006

4.45506e+007
4.24047e+007
3.92582e+007
3.55279e+007
3.15592e+007
2.75819e+007
2.37407e+007
2.01423e+007
1.68854e+007
1.40317e+007
1.15594e+007
9.38334e+006

3.06468e+007
2.9065e+007
2.68424e+007
2.43461e+007
2.18658e+007
1.95729e+007
1.75487e+007
1.5854e+007
1.45486e+007
1.36422e+007
1.30353e+007
1.25508e+007

2.19166e+007
2.09382e+007
1.96058e+007
1.8167e+007
1.67635e+007
1.54213e+007
1.4114e+007
1.284e+007
1.16429e+007
1.05602e+007
9.56416e+006
8.57047e+006

2.21791e+007
2.11866e+007
1.98308e+007
1.83639e+007
1.69281e+007
1.55434e+007
1.41749e+007
1.2817e+007
1.15182e+007
1.03222e+007
9.2014e+006
8.06884e+006

2.26208e+007
2.16343e+007
2.0285e+007
1.88227e+007
1.73902e+007
1.60115e+007
1.46542e+007
1.33114e+007
1.20276e+007
1.08425e+007
9.72777e+006
8.60057e+006

1.98344e+007
1.86393e+007
1.71873e+007
1.5656e+007
1.41459e+007
1.26629e+007
1.11586e+007
9.58786e+006
7.95832e+006
6.30105e+006
4.62938e+006
2.94713e+006

2.44637e+007
2.36799e+007
2.24828e+007
2.09644e+007
1.92068e+007
1.72731e+007
1.52049e+007
1.30386e+007
1.0815e+007
8.56621e+006
6.30396e+006
4.02494e+006

2.44032e+007
2.36581e+007
2.25056e+007
2.10323e+007
1.93187e+007
1.74268e+007
1.53974e+007
1.32639e+007
1.10614e+007
8.8213e+006
6.56121e+006
4.2878e+006

2.69767e+007
2.61881e+007
2.49843e+007
2.34408e+007
2.16361e+007
1.9633e+007
1.74718e+007
1.51852e+007
1.28053e+007
1.03632e+007
7.88432e+006
5.3901e+006

2.73694e+007
2.63778e+007
2.50907e+007
2.3559e+007
2.18284e+007
1.99637e+007
1.8026e+007
1.60529e+007
1.40676e+007
1.20802e+007
1.01022e+007
8.12695e+006

2.12764e+007
2.09034e+007
2.0346e+007
1.96476e+007
1.88472e+007
1.79696e+007
1.70296e+007
1.60439e+007
1.50272e+007
1.39828e+007
1.29014e+007
1.17684e+007

2.09798e+007
2.06418e+007
2.01255e+007
1.94722e+007
1.87173e+007
1.78809e+007
1.69759e+007
1.60183e+007
1.50217e+007
1.39906e+007
1.29158e+007
1.17785e+007

1.78964e+007
1.75086e+007
1.6951e+007
1.62676e+007
1.54944e+007
1.46521e+007
1.37549e+007
1.28237e+007
1.1878e+007
1.09285e+007
9.97027e+006
8.9849e+006

1.62331e+007
1.57878e+007
1.51868e+007
1.44561e+007
1.36262e+007
1.27156e+007
1.17432e+007
1.07354e+007
9.72153e+006
8.72063e+006
7.7332e+006
6.75524e+006

1.78067e+007
1.74977e+007
1.70119e+007
1.63644e+007
1.55774e+007
1.46664e+007
1.36491e+007
1.25494e+007
1.13877e+007
1.01843e+007
8.95528e+006
7.70906e+006

1.74087e+007
1.71211e+007
1.6663e+007
1.60503e+007
1.53039e+007
1.44403e+007
1.34767e+007
1.24338e+007
1.13299e+007
1.01834e+007
9.00995e+006
7.81758e+006

1.74144e+007
1.7122e+007
1.66629e+007
1.6052e+007
1.53094e+007
1.44509e+007
1.34935e+007
1.24555e+007
1.13529e+007
1.02022e+007
9.02006e+006
7.81779e+006

1.16383e+007
1.13036e+007
1.08462e+007
1.02731e+007
9.59656e+006
8.84505e+006
8.03791e+006
7.1908e+006
6.32241e+006
5.44802e+006
4.57956e+006
3.72136e+006

2.11464e+006
2.05127e+006
1.95798e+006
1.83988e+006
1.70483e+006
1.55682e+006
1.39869e+006
1.2367e+006
1.07672e+006
922670
775129
632041

2.02867e+006
1.96737e+006
1.87713e+006
1.76311e+006
1.6333e+006
1.49116e+006
1.33908e+006
1.18307e+006
1.02933e+006
882361
742270
606769

1.71303e+006
1.64679e+006
1.55357e+006
1.43994e+006
1.31306e+006
1.17786e+006
1.03688e+006
894314
758136
632855
517537
411711

480532
448640
405551
354445
300557
246584
195041
148848
110525
83893.1
69289.9
63267.9

555078
512587
453277
381674
304070
225812
151321
86215.2
35859.4
3199.09
-12123.5
-12831.7

591283
553344
497908
429391
354158
277524
203482
136908
82635.6
44019.9
21236.3
12141.5

558215
517269
459075
388303
311351
233473
159218
94091.3
42584.4
7901.88
-9431.81
-12508

604511
560363
499463
426513
346200
263756
184448
113800
55305.2
11446.5
-17592.5
-33651.8

511451
475493
424523
359408
286012
209290
133215
63315
3586.8
-43062.3
-75274.5
-93215.6

470505
439342
392867
333196
265868
194852
123843
57796.8
977.173
-43128.2
-73231
-89337.8

439650
410467
367522
312581
251028
186298
121556
61477.9
9694.58
-30591.5
-58079.8
-73199.6

275261
254774
227646
191642
152935
113437
73859.7
38586.9
9046.37
-13321.7
-27919.3
-34916.9

412289
398964
381143
355915
329923
300938
270610
242515
213820
187964
164849
142333

439263
427576
410752
385951
360041
330642
299356
269860
239677
212089
186811
162326

545810
529403
506590
475142
442023
405272
366552
329757
292863
258845
227908
198185

718169
698729
672432
638330
600311
557175
512289
468308
424634
384437
346131
309048

730803
710616
681272
643145
599935
551700
501147
451564
402981
357943
316464
277533

708155
690378
663686
628018
587057
541088
492507
444548
397569
353823
313714
276321

609336
590133
562749
527566
488653
445169
399666
355544
312470
273234
237952
204817

556624
540300
517796
489204
457212
421663
383841
345982
308868
272670
237510
203636

378842
371195
361232
346631
331833
314582
294693
275302
254075
232536
212097
190418

386465
379251
369578
355370
340892
324013
304354
285096
264149
242707
222152
200513

368159
361276
352342
339157
325932
310544
292419
274668
255332
235421
216433
196436

254410
248802
242112
231364
221528
210629
198283
187210
174776
162321
150931
139149

198534
193275
187357
178609
170319
161162
151676
143688
135077
127706
121862
115695

190175
185230
179643
171122
162981
154177
145043
137379
129195
122065
116547
110872

188305
183243
177465
168864
160597
151639
142387
134532
126072
118716
112961
106949

