-8
153
186
124
33
-98
-212
-197
-121
-21
10
-9
-92
-144
-171
-124
-107
-3
113
162
206
111
133
26
-28
-30
-33
149
128
137
66
68
105
166
326
358
347
322
312
298
328
318
246
198
269
203
227
256
243
210
182
161
203
290
310
227
123
60
48
-7
21
84
24
48
-18
39
82
178
221
208
154
-35
-9
-24
3
-8
-17
-43
-69
-49
-64
41
109
96
134
57
80
23
0
7
49
110
85
45
-109
-168
-183
-57
31
74
233
311
373
370
300
261
118
176
169
212
230
253
308
358
390
349
413
426
448
413
355
311
347
348
379
382
391
398
418
491
532
558
493
520
571
585
535
384
370
335
323
404
482
485
501
506
559
714
701
654
483
447
305
221
258
220
103
25
-37
-68
-154
-187
-239
-232
-273
-418
-596
-691
-694
-709
-697
-740
-735
-707
-671
-650
-620
-510
-453
-322
-304
-335
-315
-318
-236
-298
-180
-235
-167
-99
-56
71
270
402
447
608
583
556
530
577
596
432
481
544
639
762
709
765
835
797
873
984
1063
1164
1089
1003
985
943
958
999
1106
1138
1173
1129
1081
1023
943
970
1013
1024
933
722
451
259
123
40
-11
-147
-278
-270
-424
-626
-777
-1005
-1095
-1312
-1530
-1639
-1804
-1833
-1772
-1760
-1821
-1863
-1808
-1848
-1740
-1580
-1566
-1559
-1596
-1696
-1708
-1602
-1520
-1420
-1290
-1089
-1001
-864
-736
-650
-612
-570
-410
-299
-157
2
85
136
182
282
461
558
642
685
667
503
411
547
650
812
939
993
990
1018
1035
1009
1060
975
926
998
1163
1407
1540
1601
1541
1454
1362
1367
1342
1391
1340
1303
1312
1266
1228
1151
1050
978
901
727
553
374
235
6
-140
-305
-521
-703
-772
-875
-1057
-1122
-1312
-1422
-1413
-1312
-1215
-1188
-1178
-1154
-1089
-1045
-1126
-1133
-1083
-1006
-908
-787
-758
-654
-552
-487
-449
-452
-414
-420
-393
-435
-401
-324
-273
-136
-97
0
79
107
123
129
116
138
71
-108
-139
-88
72
150
232
309
183
231
156
204
260
263
285
249
196
224
374
464
578
627
635
674
603
630
697
706
686
623
632
643
731
716
713
678
740
818
903
973
1015
1050
1057
1099
1100
1129
1068
1060
1045
1029
936
760
623
440
308
228
277
153
36
-4
-94
-252
-502
-640
-783
-902
-866
-803
-742
-622
-459
-476
-511
-546
-655
-707
-742
-802
-871
-929
-987
-897
-901
-786
-606
-523
-517
-600
-736
-802
-788
-783
-710
-619
-523
-560
-547
-539
-615
-672
-764
-774
-769
-703
-544
-387
-476
-545
-525
-502
-458
-392
-373
-404
-355
-294
-244
-87
111
284
275
303
298
384
540
487
533
582
636
614
744
956
1040
1078
983
1014
1015
1001
1013
1105
1113
1103
1071
1064
1027
950
981
1001
1111
1088
1157
1232
1119
961
792
639
415
291
239
78
31
-47
-172
-296
-411
-597
-628
-643
-788
-816
-997
-1109
-1194
-1251
-1240
-1193
-1102
-1100
-1136
-1286
-1490
-1580
-1588
-1578
-1500
-1370
-1315
-1330
-1319
-1315
-1263
-1293
-1217
-1219
-1084
-978
-931
-826
-769
-686
-647
-575
-511
-392
-268
-111
-107
35
13
38
42
136
288
372
460
542
535
517
750
812
867
929
959
948
999
1046
1019
1066
1152
1238
1271
1370
1367
1118
1119
1081
1161
1214
1192
1110
1077
1055
1055
1168
1138
1076
1001
937
1000
957
978
899
705
670
670
682
598
447
339
179
76
6
-137
-281
-386
-534
-586
-704
-760
-758
-767
-928
-922
-965
-1029
-969
-1083
-935
-875
-919
-936
-838
-811
-785
-702
-653
-574
-611
-626
-613
-575
-533
-422
-443
-450
-347
-291
-294
-213
-128
-61
32
177
309
363
332
274
339
420
605
659
572
538
427
479
481
570
683
697
627
543
632
820
831
855
777
656
583
551
636
694
738
798
805
796
716
709
647
482
388
252
233
231
299
304
415
393
309
286
153
127
76
74
129
225
322
373
352
302
278
211
275
339
364
367
373
332
301
230
240
197
194
133
-12
-175
-310
-400
-446
-451
-600
-672
-851
-941
-1019
-1037
-967
-928
-868
-941
-996
-945
-879
-858
-805
-775
-716
-738
-713
-649
-655
-592
-501
-357
-285
-338
-419
-442
-411
-328
-129
-70
-92
-65
-20
6
98
130
19
130
28
50
52
14
66
74
169
145
149
104
102
104
28
64
136
99
159
268
369
407
387
392
312
294
301
253
186
232
107
31
-37
24
-44
-107
-35
-144
-172
-220
-211
-288
-403
-454
-453
-458
-440
-366
-382
-398
-455
-481
-510
-490
-435
-460
-316
-174
-46
106
159
113
59
-11
-48
-52
-28
125
67
46
40
-85
-59
-159
-104
-98
-110
-105
-91
-32
-72
62
-17
22
71
114
188
148
102
86
167
301
308
305
265
258
281
336
367
418
475
477
502
501
503
477
500
458
431
463
475
458
348
243
209
128
114
92
159
188
279
252
227
105
-9
-45
-145
-168
-89
-100
-198
-240
-301
-219
-192
-48
-92
-143
-194
-228
-315
-413
-487
-557
-496
-485
-437
-411
-325
-382
-402
-394
-499
-456
-444
-481
-496
-462
-495
-479
-478
-503
-339
-285
-254
-193
-85
2
-3
34
108
153
235
292
252
309
313
353
321
263
269
211
194
110
109
12
-166
-243
-209
-184
-130
-92
29
229
233
258
226
332
443
642
810
842
828
854
779
632
746
823
965
1031
1091
1059
939
917
724
554
513
584
563
474
409
428
352
187
61
50
-56
-105
-112
-186
-157
-149
-175
-232
-433
-587
-730
-799
-806
-765
-705
-600
-593
-498
-443
-488
-518
-591
-677
-589
-490
-379
-298
-368
-336
-299
-243
-171
-186
-138
-236
-131
95
234
462
495
695
767
729
707
794
1034
1258
1362
943
223
-479
-657
-365
3
164
213
12
-605
-1356
-1913
-2043
-1714
-1077
-694
-246
251
496
358
-186
-525
-367
157
933
1893
2752
3376
3352
2570
1691
1125
1039
1218
1558
1909
2087
1801
1055
30
-956
-1599
-1758
-1425
-832
-291
-112
-369
-946
-1637
-2111
-2137
-1756
-933
-187
226
354
97
-352
-815
-853
-528
57
689
1040
1153
817
237
-454
-921
-862
-481
154
811
1320
1458
1117
406
-40
236
1043
1961
2905
3439
3446
2998
2510
2023
1558
1120
825
425
-390
-1124
-1514
-1491
-1619
-2140
-3072
-3947
-4290
-4320
-4300
-3812
-2826
-1586
-816
-669
-678
-352
-3
356
1138
2447
3741
4659
4978
4672
4166
3756
3598
3207
3107
3184
3257
2917
1637
-312
-2103
-2999
-3151
-2725
-1974
-1143
-672
-1396
-2699
-3716
-3720
-2871
-1643
-88
1434
2326
1893
538
-1079
-1862
-1556
-574
552
1351
1483
701
-794
-2382
-2923
-2354
-1206
40
786
741
-30
-733
-1280
-1345
-738
250
1135
1522
1530
1212
898
492
190
213
811
1843
2594
2496
1621
814
585
869
1523
2039
2345
2201
1344
152
-966
-2111
-3124
-3247
-1967
-460
371
-477
-2607
-4162
-4639
-3829
-2087
232
2160
2945
2187
598
-532
-530
122
1334
2706
3837
4103
3083
1300
-379
-1014
-331
907
1821
1931
1135
-282
-2007
-3345
-3715
-2749
-1047
548
1364
970
33
-832
-1324
-1392
-811
299
931
1065
458
-660
-1854
-2849
-3425
-3609
-3185
-2612
-1899
-1583
-1850
-2205
-2210
-1943
-1233
167
1356
1993
1997
1780
1522
1438
1876
2112
1781
938
166
-189
-441
-710
-1084
-1314
-1385
-1284
-1029
-428
225
777
1231
1649
2474
3388
4243
4549
4560
4821
5023
4975
3638
1508
-483
-2251
-2904
-2285
-1031
-758
-2059
-4382
-6520
-6925
-5568
-3293
-1008
1039
2864
3650
3210
2272
1971
2784
4350
6062
7034
6514
4504
2040
-137
-944
-422
574
783
-730
-2690
-4072
-4733
-4759
-3951
-2284
-493
603
649
276
218
819
1570
2259
2831
3361
3227
2005
275
-782
-1017
-1292
-2189
-3618
-4472
-4666
-4123
-3427
-3021
-2955
-2737
-2068
-1133
158
1247
1747
2131
2424
2931
3240
2977
2033
1002
732
1223
1917
1641
241
-1570
-2627
-2276
-1324
-396
280
796
1202
1482
1874
2281
2891
4031
5285
6219
6865
6706
5978
5049
4406
3526
1716
-742
-3594
-5439
-5278
-3332
-1383
-1429
-3593
-6221
-7253
-6094
-3639
-623
2190
4679
6132
5899
3777
1390
418
1260
3393
5192
5301
2831
-899
-4038
-4867
-3427
-1385
-222
-769
-1808
-2565
-2342
-2123
-2001
-1216
623
2895
4125
3646
1951
915
691
1152
1627
1811
813
-1543
-4228
-5354
-4770
-3862
-3835
-4887
-6025
-6109
-4807
-2972
-1372
68
986
1300
1301
1913
2941
3743
4138
4117
4097
3465
2228
228
-1459
-2029
-1432
-485
-543
-1827
-3181
-3840
-3554
-2272
-342
1743
2958
3093
2821
2783
3842
5552
7318
7927
7078
5817
4528
3310
2536
2220
1265
-1267
-4908
-8346
-9490
-7515
-4003
-1563
-1666
-3614
-5132
-4983
-3629
-1472
1392
4868
7927
9297
7709
3948
367
-932
358
2760
4235
3269
-338
-4616
-7167
-6813
-4103
-1208
131
-267
-1338
-2125
-2258
-2058
-1311
866
3864
5871
5687
3679
818
-837
-98
1926
3214
2361
-128
-3201
-5138
-5305
-4164
-3420
-3826
-4451
-4498
-3691
-2919
-2126
-1231
-125
1498
2945
3411
2710
1939
1876
2261
2861
3159
2318
290
-1628
-2322
-1929
-998
-232
-266
-968
-1523
-1533
-851
137
1586
3499
5086
5224
3998
3124
3534
5196
7134
7762
5948
3237
1407
811
572
710
874
-313
-3513
-7632
-10170
-8951
-4543
144
1970
357
-2267
-3589
-3311
-2265
-311
3129
6792
8620
7119
2435
-2886
-5705
-4377
-890
1831
1937
-423
-4042
-6616
-6569
-4058
-690
1700
2501
2108
1551
926
253
-300
33
2242
5167
6710
5289
2289
-550
-2232
-2107
-804
618
229
-2042
-4913
-6324
-6078
-5483
-5234
-5328
-4979
-3240
-712
1107
1587
1585
1825
2426
3393
4498
4738
3734
2298
1616
1963
2332
1702
-198
-2621
-3740
-2658
-802
-469
-1767
-3036
-3106
-2164
-775
613
1681
2862
3686
3718
3153
3208
4429
5693
6022
5244
3911
2548
1544
1200
1149
796
-912
-4282
-8222
-10253
-8340
-3381
939
1919
-363
-3384
-4924
-4478
-3192
-1307
1823
5517
7819
6344
1467
-4277
-7476
-6434
-2477
1414
2282
-244
-4385
-7146
-6853
-3902
-208
2320
3347
3272
2717
1303
-414
-1528
-1131
1056
3506
4476
3116
306
-2501
-4081
-3991
-2497
-894
-798
-2380
-4271
-4937
-4265
-3721
-4134
-4736
-4132
-1826
951
2872
2902
1955
1424
1660
2624
3613
4040
3019
1100
-477
-497
203
47
-1336
-3131
-3942
-3233
-1592
-586
-737
-1381
-1364
-309
1234
2673
4039
5335
5912
5610
5159
4796
4839
5306
5277
3685
1810
669
190
22
-338
-876
-1202
-2209
-5402
-9733
-11799
-8684
-1645
5067
6669
2849
-2413
-5545
-5330
-3237
-388
3311
7220
8976
6429
6
-7022
-10472
-8386
-2840
2068
2921
-311
-5021
-8025
-7602
-4383
-168
2919
4439
4745
4044
2033
-731
-2843
-2621
115
3894
6164
5214
1405
-3119
-5319
-4496
-2006
-74
-160
-2022
-3657
-3778
-3072
-2855
-3545
-4202
-3454
-916
2289
4731
4873
3331
2211
2810
4402
5554
5273
3445
1731
1450
2419
2864
1690
-1050
-3623
-4161
-2630
-717
42
-674
-1864
-1863
-508
1215
2740
3992
4878
5548
5635
4920
3690
3158
3540
3375
1901
107
-896
-824
-108
389
413
637
1297
498
-3815
-9728
-12022
-7516
1340
8103
7863
1112
-6574
-10014
-8813
-5958
-3129
543
5270
8718
7308
685
-7725
-12260
-9803
-2208
4870
6605
2980
-3039
-7000
-7022
-3498
859
3984
5171
4867
3626
1189
-1968
-5133
-6002
-3318
2036
6399
6429
2121
-3339
-5731
-4136
-582
1393
419
-1283
-1584
-773
-403
-1192
-2640
-3326
-2606
-425
2172
3593
3303
2036
1291
1754
3051
4003
2986
878
-111
613
2109
2587
1115
-1638
-3795
-3793
-2104
-422
-36
-472
-824
-477
463
1667
2718
3720
4678
4898
3934
2003
221
-611
-429
-217
-1332
-3317
-4522
-4005
-1718
730
2273
2659
2839
2798
809
-3376
-7362
-7317
-2080
5001
8403
4995
-2840
-9929
-12372
-10697
-7183
-2623
2386
6793
8073
4850
-1856
-7979
-9429
-4875
2950
8547
8511
3051
-3757
-7241
-5978
-2004
1396
2655
2556
2576
2179
-150
-4476
-8129
-7494
-1807
5276
8821
6751
1079
-3551
-4457
-2032
1139
2758
1615
-700
-1760
-1480
-819
-833
-1700
-3223
-3605
-1695
1252
3134
2873
1489
599
1341
3103
3881
2669
519
-79
1687
3879
3693
919
-2604
-4631
-3766
-1096
823
413
-1221
-2121
-1123
1266
3372
4003
3338
2482
1745
1023
121
-575
-581
335
1001
-13
-2239
-3968
-3419
-203
3763
5711
5625
4665
3180
-427
-5991
-9720
-7862
-774
6299
7669
1431
-8378
-14834
-14700
-9545
-3101
2562
7056
9502
8487
3659
-2755
-6630
-4449
2667
9896
11748
6995
-747
-6839
-8215
-5739
-2110
595
1610
1379
194
-2276
-5541
-7716
-6809
-1966
4642
9290
8945
4343
-829
-2889
-672
2941
4701
3086
-282
-2503
-2178
-787
-581
-1493
-3163
-4091
-3440
-1241
950
2064
1854
1327
1479
1997
2318
1915
1307
1306
2320
3454
3069
724
-2649
-5072
-5117
-3184
-903
-382
-1684
-3151
-2907
-748
1664
3058
2878
2301
1901
1782
1383
560
130
673
1649
1072
-1439
-4400
-5274
-3042
1631
5527
6316
4822
2979
1765
-514
-4678
-8772
-8630
-3213
3652
5963
1096
-7147
-12760
-11712
-6255
-415
3451
5893
8149
9081
7050
2005
-3026
-4045
89
6325
9434
5976
-2267
-9759
-11927
-8296
-2771
624
585
-840
-1351
-1262
-1388
-2281
-2232
616
5957
10388
10858
7231
1979
-1525
-1799
674
2799
2475
-443
-3704
-5510
-5160
-2861
-1013
-1470
-3432
-4159
-2753
-45
1933
2034
845
417
1647
3446
3803
2125
44
-534
541
2238
2502
81
-3533
-5536
-4523
-1718
161
-65
-1065
-1523
-382
1299
2385
2231
1701
1674
1785
1608
880
132
-123
-69
-816
-2826
-4729
-4897
-2508
1081
3748
4300
3457
2791
3149
3828
2000
-3015
-8145
-8332
-2979
3636
6122
2348
-4780
-9404
-8789
-4730
-500
2287
4694
7308
8626
7060
2493
-2691
-4570
-1566
3604
6345
3844
-2040
-7434
-9568
-7840
-4257
-851
1214
2013
1719
125
-2021
-2730
-415
4287
8720
10093
7646
3228
-278
-1344
-155
2031
3448
2577
-480
-3741
-5240
-3820
-923
732
-329
-2601
-3993
-3682
-2245
-630
516
1226
1700
1926
1682
928
509
1306
2615
3533
3327
1798
-482
-2662
-3080
-1877
-421
-162
-942
-2086
-2756
-2004
-658
137
33
68
589
1004
378
-776
-1071
282
2229
2513
307
-2255
-2330
-28
2902
4150
3757
2765
2735
3651
4322
3796
905
-3601
-7496
-7114
-2504
2747
4035
468
-4997
-8150
-7539
-5361
-3332
-1371
2120
6460
8861
7187
2002
-3098
-4041
117
6073
9126
6282
-1470
-9390
-12659
-9481
-2710
2432
3151
545
-2358
-3214
-2504
-1042
1310
4832
8185
8656
5706
1092
-1629
-148
3965
7154
6590
2301
-2937
-5885
-5971
-4461
-2688
-2090
-3282
-5527
-6986
-6477
-3960
-887
1045
1533
1432
1778
3105
4827
5641
5309
4025
2665
1492
508
-851
-2749
-4462
-5027
-4483
-4156
-4427
-5041
-5342
-4476
-2533
-577
695
1544
2464
2755
2486
1928
2064
3159
4328
4014
1967
-373
-1505
-1255
-1339
-1506
-1214
87
1779
2868
2767
2237
2099
1650
-912
-4828
-5898
-1660
4641
7032
2811
-4976
-10213
-10192
-7032
-3648
-640
3120
7150
8605
5777
220
-3205
-1476
4171
9123
9096
3710
-4091
-9764
-10139
-5134
1546
4767
2466
-3109
-6753
-5552
-741
3469
4734
3845
3042
3583
5071
6339
6744
6575
6263
5663
3888
369
-4065
-7103
-7140
-4428
-1755
-2747
-7418
-11571
-11279
-6454
72
4546
4986
2968
1090
1497
4172
7199
8539
7281
3876
216
-2475
-3693
-3848
-3580
-3953
-5326
-6894
-7565
-6926
-5006
-2012
1134
2979
3223
2984
3091
3475
3569
3213
3093
3766
4626
3930
1198
-2683
-5098
-4714
-2347
97
1214
446
-1271
-1648
315
3241
5274
5909
5160
3386
554
-1940
-1942
1087
4168
3819
-835
-6222
-7667
-4876
-1066
1173
1992
2733
3965
4322
2896
850
336
2368
4873
5214
2803
-921
-4219
-5129
-3160
189
2254
1040
-2860
-5975
-5305
-1417
2527
3738
2512
1147
1360
2891
4558
5761
6284
5688
3919
1450
-1050
-3329
-4811
-4652
-3026
-1489
-1815
-4999
-8874
-9975
-6918
-2175
1479
2355
717
-1503
-2234
-704
1971
4056
4083
2339
473
-258
-129
-378
-1441
-2720
-3053
-2200
-1499
-1597
-2015
-1326
625
2042
1140
-1456
-2868
-1615
1069
2727
1940
-43
-1408
-1232
-289
547
1383
2044
2348
2375
1819
1002
661
1536
2929
4039
4303
3814
3121
2586
2119
414
-2648
-4903
-3395
446
3112
1716
-2195
-4751
-4236
-2008
-282
466
1355
2559
2753
1355
-588
-1237
-398
1334
2931
3363
2007
-923
-4296
-5456
-2745
2132
4460
1740
-3328
-5586
-2780
1700
3402
1100
-1840
-2065
181
2149
2273
1687
1458
1789
1948
1709
972
3
-579
258
2139
3471
2052
-2596
-7085
-7626
-4004
-24
644
-3130
-7845
-9134
-6074
-1013
2701
2823
131
-2016
-1452
1628
5324
7241
6281
4340
2726
1982
1654
1106
418
-230
-820
-1804
-3034
-3755
-3656
-3471
-3830
-4709
-4485
-2528
-28
1458
1521
1268
1943
3263
4220
4339
4189
4501
4741
4107
2527
759
-124
646
1954
1990
648
-899
-3206
-5861
-6206
-2754
2649
5588
4216
154
-2733
-2293
205
2834
3682
2579
358
-1342
-1616
-1369
-1275
-1764
-1951
-1317
-980
-1982
-3625
-3484
-282
4186
6502
5147
1956
-89
715
3066
4819
4218
1433
-1816
-3989
-4211
-2641
-388
889
375
-1081
-1331
449
2663
3463
2767
2363
3080
3887
2891
-163
-3565
-5060
-3875
-1931
-1527
-2912
-4561
-5691
-5206
-3388
-697
1782
3287
3506
3209
2981
2944
2792
2828
2687
2470
2262
1247
-780
-2871
-4094
-4712
-4402
-3638
-2652
-2239
-2523
-2974
-2700
-1628
-45
1632
2769
3213
3048
2285
1196
447
317
835
1290
768
-338
-1158
-1277
-951
-418
129
1289
2630
3892
4603
4479
2275
-1338
-3125
-1157
2175
3167
855
-3357
-6543
-7316
-5650
-3188
-1482
-1832
-2649
-2456
-1157
-21
654
802
681
578
1343
2629
3522
3335
2418
1666
1228
700
-493
-1797
-2498
-2036
-855
79
-92
-1011
-1708
-1452
21
1924
3340
3452
2799
1848
927
43
-902
-1356
-1155
-818
-753
-1543
-3412
-5017
-5241
-3841
-1380
1061
1651
826
-475
-1219
-618
1031
2813
3582
2710
529
-1563
-2167
-1329
-33
804
1026
751
477
216
-63
-205
105
508
564
269
-228
-1057
-2348
-3380
-3668
-3073
-1953
-1152
-1337
-1626
-1295
-10
1624
2595
2707
2508
2648
2931
3355
3324
2617
1881
1627
1263
-430
-2275
-3103
-2599
-1686
-785
-649
-1836
-2809
-2258
-799
459
839
724
713
508
-294
-1351
-2005
-2156
-1640
-304
754
521
-347
-933
-237
1595
3872
5095
4567
2832
1599
2152
4089
5209
3891
541
-2274
-2315
-441
732
-348
-2343
-3663
-3236
-1789
-764
-414
-318
168
596
1042
1650
2616
3470
3245
1848
-229
-2240
-3315
-3301
-2577
-1746
-1931
-3333
-5141
-5728
-4626
-2225
253
2204
3336
3934
3674
3364
3909
4639
4880
3873
1951
-287
-2157
-3361
-4127
-4608
-5013
-4971
-4468
-3960
-3636
-2925
-1582
348
1992
2494
1821
861
628
1257
1570
1015
29
-858
-1684
-2906
-3535
-3032
-1673
-614
-584
-821
-85
1788
3264
2768
1143
514
1579
3049
3588
2439
-81
-2819
-4139
-3346
-1509
-264
-630
-1594
-1624
-101
2023
3609
4121
3725
2980
2587
2762
2550
1624
179
-1166
-1778
-1448
-1430
-2555
-4023
-4273
-3179
-1545
-428
-283
-219
107
868
1726
2882
3960
4520
4156
3233
2542
1760
520
-1723
-3823
-4130
-2538
-980
-1241
-2872
-4324
-4216
-2564
-656
614
1575
2398
2771
2282
1324
1148
1783
2588
2626
1618
-53
-1816
-2992
-3388
-3009
-2531
-2496
-3033
-3448
-3119
-2089
-1162
-944
-974
-826
-355
107
48
-467
-1105
-1656
-1745
-1304
-662
-735
-1623
-2948
-3676
-2744
-304
1766
1672
-496
-2915
-3247
-1369
556
542
-840
-1807
-1514
-854
-824
-1302
-1027
231
1679
2535
2633
2409
2475
3347
4343
4708
3939
2379
766
-31
222
444
81
-1011
-2088
-2671
-2254
-1204
-309
101
3
-67
234
780
702
104
18
1151
2652
3086
2187
792
144
656
1441
997
-524
-1623
-1403
15
1316
1559
963
214
-273
-258
277
765
523
-385
-806
-444
463
666
-48
-669
-551
219
1039
1116
322
-536
-724
208
1074
1131
449
-714
-1673
-2060
-1978
-1599
-1185
-1023
-1171
-1607
-2181
-2687
-2338
-1418
-631
-146
90
341
387
242
133
329
682
543
-420
-1567
-2381
-2888
-3111
-2716
-1469
-239
289
-99
-428
180
1631
3166
4062
4235
3777
3161
2584
2156
1540
749
-65
-545
-705
-872
-1302
-2035
-2563
-2318
-940
893
1870
1691
1190
1211
1608
1967
1956
1498
716
-634
-2226
-3173
-2755
-1492
-588
-867
-2152
-3393
-3086
-1218
869
1980
2078
2136
2410
2556
2215
1920
2116
2339
2121
877
-893
-2121
-2521
-2324
-1774
-1004
-292
-17
-453
-996
-971
218
2060
3464
3534
2220
807
197
444
910
784
-202
-1463
-2399
-2723
-2663
-2498
-2258
-1893
-1610
-1565
-1481
-1171
-538
216
896
1677
2227
1901
728
-540
-1196
-1286
-898
-923
-1572
-2335
-2548
-1903
-1193
-467
446
1271
1350
991
766
1253
2245
2606
1624
-113
-1253
-1308
-1131
-1334
-1756
-1945
-1748
-1705
-1722
-1225
56
1052
1078
513
284
883
1932
2198
1174
-12
-593
-604
-783
-1631
-2674
-3296
-2957
-2206
-1939
-2047
-1843
-1127
-482
-272
-201
172
829
1481
1693
1407
1202
1179
1403
1194
439
-184
-150
297
280
-624
-1658
-1521
-257
941
757
-523
-1584
-1455
-492
542
1100
1142
1247
1300
1087
703
603
934
1390
1236
624
-1
-146
-58
-176
-597
-1114
-1348
-1286
-1031
-728
-424
-522
-962
-1367
-1317
-579
181
445
100
-506
-494
447
1512
1819
1577
1313
1361
1797
2103
1901
1163
205
-173
355
940
547
-808
-1748
-1429
-445
241
227
-225
-823
-1290
-1405
-834
169
741
241
-823
-1460
-1214
-442
-194
-926
-1562
-1266
-138
561
-101
-1355
-1589
-213
1165
1159
-194
-1619
-1918
-1208
-488
-629
-1459
-2064
-1875
-1235
-1033
-1454
-1424
-340
1169
2067
1608
320
-742
-730
410
1563
1695
759
-745
-2123
-2623
-2327
-1323
-30
592
22
-777
-565
608
1923
2576
2488
2291
2183
1822
1260
658
297
361
408
18
-964
-2179
-3057
-2848
-1681
-418
291
90
-622
-1029
-575
418
1423
1533
745
-140
-532
-318
221
593
367
-313
-790
-467
604
1520
1282
190
-461
48
1338
2104
1835
754
-483
-803
-696
-75
435
199
-562
-1474
-1786
-1455
-926
-834
-980
-1042
-523
174
364
-183
-895
-833
-102
526
300
-774
-1999
-2661
-2355
-1443
-657
-747
-1398
-2148
-2221
-1447
-524
113
309
342
555
678
434
93
-26
-57
-205
-518
-983
-1146
-1043
-915
-797
-849
-810
-485
46
617
1089
1305
1016
436
56
806
2247
3053
2430
486
-1241
-1853
-1488
-786
-510
-466
-464
-545
-650
-798
-590
225
1277
2287
3048
3194
2501
1354
422
105
455
917
748
-53
-1082
-1759
-1805
-1290
-364
512
1005
1036
912
800
637
660
1065
1604
1835
1248
89
-977
-1161
-497
198
324
-234
-973
-1286
-853
-139
659
1030
644
-167
-756
-262
864
1701
1468
275
-1239
-2061
-1987
-1732
-1498
-1350
-1498
-1794
-2062
-2247
-1933
-1323
-624
-23
318
250
-366
-895
-811
-298
104
-145
-607
-781
-423
-110
-176
-486
-657
-226
540
1127
954
310
-134
17
374
631
555
258
-110
-314
-251
-82
-84
-393
-542
-186
561
1126
1187
965
901
1360
2245
2516
1832
853
462
1004
1717
1785
1329
212
-860
-1274
-1186
-721
-234
-85
-37
133
493
1116
1655
1958
2027
2201
2155
1744
1055
649
770
947
743
154
-451
-902
-818
-397
-9
110
141
305
546
669
383
-44
-247
-12
341
519
186
-575
-1220
-1339
-816
-65
214
-247
-967
-1473
-1234
-337
720
927
-211
-1539
-2027
-1330
-432
-375
-1404
-2533
-2980
-2435
-1417
-660
-477
-652
-792
-744
-402
43
450
485
556
662
761
775
460
-163
-604
-692
-528
-327
-321
-463
-931
-1359
-1284
-457
683
1464
1544
1141
877
1122
1501
1705
1534
953
583
379
229
-73
-375
-470
-455
-440
-414
-252
63
345
437
549
642
770
1120
1313
1167
756
311
145
199
359
331
-45
-468
-676
-355
96
565
649
373
105
273
1118
2003
2534
2283
1365
171
-586
-561
-33
234
-158
-913
-1271
-1035
-715
-533
-515
-349
44
667
1168
1163
731
305
41
55
240
170
-184
-893
-1623
-2063
-2121
-1878
-1336
-969
-852
-839
-813
-577
-325
-130
-81
45
348
842
1122
1061
491
-218
-665
-719
-276
28
-36
-774
-1482
-1413
-703
154
526
267
135
343
1059
1702
1566
886
169
79
345
576
530
241
-60
-366
-452
-312
204
745
715
146
-505
-639
-218
498
924
896
428
-176
-578
-743
-566
-404
-201
-186
-496
-736
-620
-159
315
455
520
696
1248
1950
2175
1935
1456
955
660
566
202
-212
-501
-652
-886
-1166
-1184
-743
-141
153
65
-115
195
977
1538
1635
1404
961
777
473
29
-455
-851
-978
-1061
-1264
-1486
-1568
-1509
-1465
-1479
-1328
-795
35
553
698
806
1194
1597
1801
1504
1094
883
746
592
48
-444
-913
-1161
-1132
-1165
-1358
-1529
-1716
-1326
-490
439
703
348
-220
-655
-419
455
1334
1421
843
-65
-486
-172
487
1005
1003
523
57
88
119
-145
-278
-170
327
909
780
-14
-875
-1160
-819
-273
-55
-269
-606
-751
-808
-863
-737
-304
345
838
956
905
1055
1343
1550
1453
1269
913
887
933
800
380
-381
-955
-1243
-1080
-660
-142
-65
-383
-656
-533
23
514
854
662
576
666
853
985
424
-262
-790
-670
-336
-284
-532
-1030
-1461
-1476
-1251
-986
-719
-516
-288
-6
461
871
1177
1227
1264
1294
1416
1442
837
60
-433
-406
59
268
-127
-894
-1459
-1390
-763
-90
526
1009
1085
817
300
89
437
1294
1858
1511
578
-390
-924
-827
-511
-349
-182
-298
-518
-681
-524
-84
397
609
669
1003
1320
1280
724
-118
-724
-445
160
392
-92
-814
-1185
-1085
-843
-477
103
674
1162
1113
739
565
840
1184
1531
1557
1222
760
86
-380
-445
-385
-228
-332
-785
-1367
-1657
-1182
-374
120
-11
-542
-784
-304
473
999
1143
1191
1039
807
715
698
691
631
565
464
324
-99
-584
-791
-686
-491
-318
-437
-733
-777
-358
290
739
628
148
-96
63
244
523
837
982
768
136
-200
74
943
1692
1605
1081
563
458
924
1424
1473
1077
603
446
359
197
-7
-193
-44
-1
-171
-549
-635
-165
340
460
338
98
206
600
765
624
399
303
265
121
-225
-609
-809
-667
-543
-370
-252
-176
-339
-362
-116
326
817
1118
1273
1241
1280
1145
972
858
827
849
851
823
619
129
-595
-1065
-1106
-819
-745
-815
-1210
-1646
-1670
-1429
-819
-256
25
106
237
438
622
588
510
400
476
768
992
918
402
-449
-1105
-1092
-709
-310
-247
-463
-826
-1093
-1126
-1014
-710
-356
134
502
535
246
-97
66
597
1170
1253
1063
716
514
483
450
277
255
389
499
480
223
-198
-394
-156
218
456
194
-265
-506
-490
-95
45
-73
-405
-617
-529
-327
-107
-231
-539
-820
-928
-499
125
426
187
-284
-333
-14
461
747
750
469
104
-120
13
400
646
799
879
589
249
-15
33
309
671
753
507
232
108
330
602
725
370
-108
-470
-405
-203
-20
-15
-78
-76
-154
-266
-489
-569
-484
-347
-237
-102
149
227
150
-102
-371
-307
-106
186
350
184
-141
-335
-389
-257
103
317
371
127
-112
-117
122
476
733
814
779
891
1017
1019
864
631
339
175
203
220
247
144
-91
-193
-176
-38
21
43
74
154
538
753
700
462
167
73
90
303
557
584
70
-428
-893
-1153
-847
-393
-169
-166
-306
-517
-431
-127
356
718
939
903
730
552
430
350
218
231
208
298
252
28
-213
-329
-281
-221
-306
-292
-65
319
425
375
328
471
720
772
503
244
253
273
221
-291
-938
-1084
-881
-645
-663
-982
-1355
-1501
-1407
-1088
-601
-76
213
12
-367
-543
-142
332
683
680
247
-181
-399
-388
-320
-111
-171
-161
-132
-102
30
196
444
644
679
582
644
728
689
289
-180
-334
-130
254
195
-178
-593
-632
-260
65
84
-75
-217
-337
-361
-260
-4
372
508
350
48
-21
70
325
430
155
-102
-389
-375
-3
277
245
86
-89
-163
30
389
806
845
693
377
244
435
613
730
652
526
224
-125
-391
-447
-316
-273
-298
-321
-244
-50
47
20
-14
131
280
171
-67
-180
-130
-248
-653
-1057
-1057
-625
-157
-370
-1128
-1692
-1702
-1315
-644
-435
-524
-792
-889
-565
-325
-82
70
-20
-107
-195
-97
-49
-142
-210
-116
99
404
411
138
-219
-513
-422
-106
381
583
383
-21
-255
-167
287
911
1132
1019
602
97
-57
271
711
742
242
-263
-704
-910
-825
-731
-562
-342
-233
-196
-183
-195
9
251
536
834
1040
1061
787
636
670
929
1245
1250
803
318
70
167
399
662
753
675
390
0
-255
-218
156
549
764
537
43
-315
-462
-337
123
421
424
253
-61
-238
-88
221
485
503
390
267
203
112
-12
-60
-96
-128
-137
-187
-361
-707
-994
-1063
-1051
-881
-671
-691
-699
-872
-871
-549
-89
193
256
407
617
855
876
669
457
447
486
630
617
226
-283
-738
-979
-884
-583
-231
-73
-158
-263
-234
38
298
260
-26
-228
-178
189
427
121
-360
-655
-489
-250
-135
-291
-512
-592
-542
-412
-63
309
522
637
426
70
-247
-68
410
892
933
752
437
124
180
428
518
384
267
291
252
123
-58
-82
133
514
844
860
530
144
71
347
798
911
766
445
94
-123
-54
105
411
556
419
247
158
208
292
343
124
-18
61
106
-4
-361
-813
-818
-372
-21
40
-339
-677
-667
-289
164
329
275
196
128
199
267
257
403
435
365
278
156
-34
-178
-364
-390
-373
-254
-31
-19
-145
-453
-452
-271
-3
6
-261
-426
-429
-210
79
90
-164
-631
-896
-869
-620
-400
-388
-595
-867
-843
-573
-104
249
464
292
115
-68
-111
101
317
376
199
-143
-482
-519
-380
-96
75
57
-78
-50
58
87
92
218
313
531
777
709
328
-32
-156
112
645
886
826
567
421
470
647
558
365
294
292
363
383
210
-4
29
183
334
287
56
-150
-278
-370
-309
-97
167
351
335
278
351
424
658
726
598
458
267
287
321
243
152
80
166
115
-72
-177
-286
-204
34
248
451
522
497
368
249
72
-59
-86
-147
-234
-423
-486
-500
-494
-578
-553
-467
-328
-212
-223
-498
-752
-784
-454
194
636
780
467
153
-138
-78
-10
-28
-236
-563
-744
-780
-753
-680
-467
-311
-86
-138
-244
-320
-128
170
393
498
484
471
331
293
257
353
462
390
252
102
193
355
569
585
447
317
266
316
203
74
-89
-120
61
147
168
103
15
39
3
-1
-147
-226
-277
-205
-25
51
153
285
515
659
745
837
613
396
198
37
-66
-135
9
14
-93
-283
-320
-113
181
343
285
294
312
395
339
200
182
206
349
457
439
171
-64
-221
-250
-253
-156
70
113
-62
-307
-402
-352
-202
-81
-21
74
17
23
-70
-125
-19
122
352
354
90
-270
-397
-305
-168
-167
-346
-475
-521
-359
-125
-76
-72
-95
97
403
539
582
278
-47
-140
3
391
503
557
453
215
172
393
622
736
623
396
306
248
301
361
454
424
233
22
-234
-418
-357
-113
140
206
30
-199
-298
-124
223
557
783
779
517
130
16
235
617
783
695
469
347
229
189
83
94
98
90
17
-87
-34
10
32
-89
-93
-3
143
294
338
388
474
444
275
66
-34
-9
46
56
-14
-259
-543
-665
-620
-403
-113
-71
-169
-389
-391
-157
140
300
202
146
75
79
143
138
54
-57
-327
-567
-590
-373
-114
3
-91
-124
29
250
436
432
341
381
449
543
736
661
490
301
241
236
312
367
308
165
121
219
335
368
242
136
113
182
98
79
21
15
29
96
-67
-273
-417
-348
-116
-39
23
-197
-453
-488
-296
-7
158
312
266
219
188
90
4
-112
-157
-232
-255
-210
-220
-255
-361
-619
-624
-398
-17
341
347
168
-34
-19
187
509
740
737
584
309
63
50
93
151
56
-109
-254
-412
-414
-455
-579
-619
-523
-412
-148
-22
119
162
199
351
592
766
668
374
96
34
107
293
412
462
350
396
462
592
681
476
334
281
341
586
724
762
666
262
-122
-44
246
491
569
377
312
327
300
382
369
340
224
180
227
193
163
9
-168
-323
-312
-236
-299
-280
-173
29
236
238
193
96
82
200
279
359
426
426
371
328
244
21
-47
-87
-191
-271
-416
-544
-589
-710
-628
-394
-151
69
33
103
173
408
640
751
734
638
699
678
496
124
-79
-143
32
57
-140
-545
-829
-906
-770
-552
-341
-222
-170
-116
-126
-32
18
158
250
312
425
499
410
444
393
483
720
819
863
765
534
354
382
439
531
724
773
864
793
610
586
592
825
1050
1105
1047
797
645
601
545
387
197
135
237
473
636
609
323
87
23
304
636
691
412
23
-323
-275
-93
15
10
-132
-107
-174
-245
-212
-131
-61
48
138
239
162
-69
-289
-460
-490
-445
-508
-785
-1114
-1232
-1239
-1091
-866
-677
-699
-652
-588
-494
-274
51
805
731
72
-219
-295
-506
13
990
1453
1155
426
-588
-1536
-2056
-1590
-170
914
1609
1724
921
-584
-1311
-1137
-500
463
1562
2217
1878
1000
-1
-746
-1021
-733
-79
516
773
781
595
-100
-458
-397
92
964
1912
2286
2070
1382
685
293
-122
-16
254
676
889
988
626
-103
-849
-1358
-1249
-791
16
1012
1535
1482
1050
291
-244
-303
95
646
965
1024
845
267
-477
-1079
-1112
-894
-628
-256
-103
15
-38
-246
-471
-602
-459
16
464
664
467
114
-101
-329
-481
-584
-677
-736
-815
-713
-592
-556
-592
-626
-445
-206
-47
91
212
312
297
82
-100
-150
-75
-109
-167
-267
-251
-140
-145
-160
-294
-167
86
584
274
-350
-231
145
347
604
1123
1083
532
288
219
-208
-693
-802
-283
21
450
982
1302
840
28
-316
-1058
-1451
-618
691
1511
2185
2521
1826
474
-543
-896
-444
-51
848
1963
2126
1548
838
515
85
315
1014
1366
1312
990
668
163
-52
69
369
691
1027
1214
936
121
-618
-1219
-1368
-980
-130
777
1419
1613
875
-314
-1380
-1692
-1460
-806
37
687
1012
590
-138
-968
-1652
-1916
-1548
-695
200
879
1024
641
-254
-813
-1038
-849
-340
510
1063
1146
675
112
-547
-1096
-1079
-557
96
458
661
389
-216
-711
-1036
-960
-578
-278
77
256
303
76
0
-73
-19
58
352
732
823
925
741
371
-61
-131
205
585
740
721
632
512
437
398
183
-167
-323
-152
386
827
1081
907
487
280
257
359
390
283
311
530
735
739
488
184
-117
-126
59
333
503
456
254
119
159
220
413
534
591
599
598
488
241
100
3
108
148
154
-11
-122
-109
-108
16
20
-27
26
147
261
332
293
191
130
121
93
101
24
36
-7
-201
-309
-185
74
215
56
-144
-209
-24
61
182
304
262
72
119
222
49
-281
-463
-541
-521
-202
-108
-131
-326
-361
-248
-273
-307
-280
-37
235
317
262
72
-183
-251
-151
-115
111
255
402
380
289
257
173
71
20
-29
40
217
220
175
-10
-159
46
332
401
423
253
9
-93
50
167
227
174
182
165
217
259
221
245
226
195
295
384
418
473
444
235
-131
-202
-243
-182
18
93
87
100
12
-87
-189
-4
323
286
265
238
143
60
38
42
-10
-6
-15
172
256
168
47
-65
-174
-325
-170
-123
-154
-88
-204
-374
-377
-331
-115
-26
7
58
-47
-73
-16
-14
-103
-188
-27
306
393
395
247
120
101
161
180
98
-148
-190
24
102
83
-128
-420
-563
-615
-471
-289
-15
136
192
123
122
287
382
400
347
224
97
99
138
227
164
124
-44
-121
-124
-84
83
273
287
85
16
-70
-50
-12
55
158
182
67
-129
-170
32
183
142
248
136
-18
-155
-190
-179
-227
18
161
271
368
354
216
95
99
93
194
314
297
254
89
130
55
87
190
164
182
188
341
398
427
709
737
731
770
698
519
278
301
431
205
183
319
549
557
503
293
15
-82
75
357
421
566
622
713
729
615
394
113
73
202
204
62
12
-146
-513
-544
-492
-431
-426
-306
-161
-118
29
83
-77
-487
-521
-342
-160
9
27
-146
-310
-294
-256
-85
-89
-61
-91
-117
-191
-259
-295
-450
-552
-465
-109
88
39
67
-182
-374
-448
-419
-178
-83
-109
-51
-72
-266
-300
-357
-512
-528
-229
8
15
-18
-245
-432
-513
-431
-507
-610
-588
-526
-396
-383
-216
-303
-569
-787
-895
-811
-653
-472
-326
-349
-387
-408
-509
-617
-705
-579
-607
-690
-751
-598
-568
-551
-319
-151
-78
-312
-454
-424
-259
-48
143
116
-51
-175
-104
74
320
377
207
146
89
134
134
102
220
519
775
688
538
293
339
493
460
373
253
158
1
-19
-78
-280
-428
-447
-418
-281
-235
-354
-437
-408
-379
-313
-218
-188
-91
-159
-80
-171
-348
-391
-415
-514
-637
-582
-495
-465
-428
-374
-471
-419
-272
-286
-412
-549
-582
-667
-616
-602
-582
-712
-852
-1020
-965
