1.54054
0.265538
0.844297
0.158398
0.256949
0.152297
-0.0555335
0.24507
-0.0365086
0.0482376
0.171483
-0.0993495

1.196
0.465573
0.62005
0.259108
0.259668
0.134788
-0.0139582
0.158686
-0.0315736
0.0272368
0.146454
-0.0368401

1.12557
0.649225
0.741915
0.111649
0.329181
0.211029
-0.0871807
0.284389
0.0177976
0.0213011
0.0565788
-0.0793281

1.44101
0.498368
1.13628
-0.0666025
0.405735
0.279834
-0.142387
0.189108
0.0252011
0.0134695
0.0900018
-0.093013

1.45137
0.478187
1.16761
-0.11091
0.419253
0.308824
-0.116953
0.171385
0.00344816
0.00936565
0.0919534
-0.0851982

1.18107
0.579035
0.798619
0.0562448
0.305383
0.317015
-0.0525309
0.176412
-0.0309439
0.0169197
0.0784647
-0.0760333

1.25062
0.482411
0.771636
0.142099
0.290082
0.291431
-0.0734603
0.145206
-0.0257973
-0.0504716
0.069566
-0.0553273

1.1695
0.309051
0.64217
0.0276142
0.175642
0.205466
-0.0244841
0.0480127
-0.0205013
-0.184595
-0.0848639
0.0357201

1.2807
0.167316
0.717998
-0.0269535
0.186678
0.209591
-0.0395981
0.0331829
-0.0259555
-0.193927
-0.0873293
0.0509421

1.20088
0.201958
0.646705
0.0248231
0.186652
0.206432
-0.0711003
0.0288877
-0.0344068
-0.16692
-0.0871552
0.0363519

1.16659
0.34802
0.528171
-0.029977
0.146192
0.157629
-0.143066
0.0123289
-0.0275202
-0.0814883
0.0246056
0.0239798

1.2734
0.480938
0.661102
-0.0574845
0.268878
0.275846
-0.0340469
0.029119
-0.0957846
-0.0453045
0.126606
-0.0020334

1.38468
0.45431
0.719727
-0.0978543
0.267809
0.265355
-0.0105093
0.0338107
-0.112336
-0.0531276
0.135451
0.00224389

1.33599
0.46751
0.652299
-0.0730135
0.255978
0.259889
-0.00459363
0.0297075
-0.0712392
-0.0489772
0.131532
0.0203657

1.10372
0.578097
0.546746
0.0619176
0.201907
0.234323
-0.0200293
0.0214505
-0.0357655
-0.0431048
0.0894529
-0.0146882

1.22098
0.498031
0.630641
0.118228
0.204399
0.270175
-0.0750867
-0.0783828
0.153915
-0.042782
0.00784464
0.0358564

1.46873
0.373425
0.809365
0.0470837
0.304862
0.291353
-0.0640584
-0.0625972
0.165486
-0.033504
0.00171795
0.084471

1.29801
0.504527
0.680696
0.214959
0.222338
0.277886
-0.0202765
0.0243394
0.179278
0.0232557
0.0219766
0.0585169

1.09138
0.563686
0.409083
0.272513
0.255461
0.225188
0.178418
0.0934764
0.0864339
0.0780346
0.0687099
0.0137811

1.18561
0.604292
0.539441
0.341261
0.302901
0.327932
0.173631
0.125402
0.134111
0.0512558
0.114151
0.0557903

1.68107
0.515493
1.05053
0.0949458
0.461761
0.721801
0.235628
0.175471
0.0961565
-0.0406697
0.148922
0.139165

1.18587
0.649294
0.506882
0.343236
0.304283
0.287669
0.188042
0.167687
0.126779
0.0603639
0.0784252
0.0517197

1.07746
0.557974
0.391568
0.281534
0.230432
0.202469
0.138632
0.10545
0.0959066
0.0634984
0.0712259
0.0198371

1.27973
0.708115
0.561539
0.438183
0.396724
0.333924
0.234769
0.181989
0.151851
0.0944832
0.0735247
0.076927

1.93309
0.620172
0.89833
0.332469
0.64862
0.594311
0.255962
0.251178
0.156724
-0.0524639
0.195445
0.185463

1.14083
0.621369
0.446835
0.335008
0.283361
0.248604
0.199479
0.169756
0.13071
0.0972219
0.0849079
0.058946

1.08723
0.579437
0.425662
0.340484
0.267159
0.209683
0.171523
0.160028
0.132328
0.0991053
0.0861871
0.0462729

1.39687
0.795044
0.652057
0.493233
0.453198
0.372545
0.260495
0.223938
0.176389
0.118725
0.0719403
0.0833007

1.55545
0.830081
0.822856
0.562668
0.577458
0.450466
0.20727
0.274747
0.247492
0.12948
0.123172
0.100927

1.1948
0.660069
0.488901
0.388513
0.320274
0.279548
0.221745
0.172505
0.138657
0.0997955
0.0736078
0.0687245

1.08499
0.572983
0.389859
0.29197
0.246125
0.207795
0.178069
0.140935
0.106105
0.0914379
0.0834924
0.0490971

1.30331
0.715686
0.531028
0.466597
0.443544
0.386582
0.282541
0.166319
0.107011
0.100633
0.0962436
0.0859149

1.70651
0.873114
0.672253
0.47469
0.623459
0.585901
0.409073
0.209679
-0.0207571
0.00706904
0.2373
0.167754

1.27252
0.712754
0.513157
0.409477
0.391983
0.324972
0.242792
0.178678
0.107693
0.0975169
0.0889475
0.0744492

1.0565
0.549228
0.37053
0.275671
0.210088
0.171417
0.151701
0.128741
0.0998275
0.081821
0.0708467
0.0217589

1.29294
0.74756
0.576107
0.457594
0.409302
0.34387
0.228723
0.170017
0.135425
0.10283
0.0766429
0.0702809

1.60623
0.89127
0.833933
0.447
0.554565
0.555208
0.263537
0.195445
0.0704724
0.0263695
0.200672
0.0936419

1.27778
0.739658
0.559528
0.428216
0.37534
0.315423
0.225911
0.18659
0.156351
0.090183
0.0709522
0.071235

1.1116
0.592212
0.410908
0.327458
0.258381
0.216469
0.19765
0.153113
0.118155
0.102473
0.0769757
0.0492373

1.22457
0.618224
0.371153
0.296968
0.27528
0.246195
0.170765
0.12991
0.143534
0.118478
0.0827779
0.0515246

1.9834
0.692146
0.58397
0.501577
0.561175
0.281601
0.108197
0.317105
0.127081
-0.0527007
0.0576976
0.0726116

2.029
0.734775
0.670907
0.50876
0.434921
0.190652
0.114288
0.228692
0.0785695
-0.0346543
0.0488885
0.0555318

1.42564
0.759318
0.543185
0.351387
0.109292
0.0361042
0.135632
0.148657
0.0356688
-0.0178726
-0.00875336
-0.0133282

1.5762
0.790211
0.453103
0.265321
0.11398
0.0438999
0.0651016
0.056137
0.0343073
0.0591644
-0.0378872
-0.0226645

2.82776
0.556292
0.534017
0.162454
0.290082
-0.227828
0.210082
0.183229
-0.234704
0.182587
0.158146
0.00277004

2.39972
0.77113
0.410879
0.289622
0.135758
-0.155006
0.142663
0.146285
-0.167866
0.149424
0.0666628
-0.0246232

1.37838
0.703868
0.391254
0.20506
0.0830735
0.0284174
-0.0106351
-0.0363248
-0.0496409
-0.0709324
-0.0977338
-0.0436806

1.70349
0.91463
0.5711
0.279979
0.0230378
-0.125116
-0.0684634
0.0105658
-0.0436734
-0.0302911
-0.0538406
-0.0200353

3.18805
0.623281
0.806557
0.148081
0.167585
-0.515346
0.132679
0.187435
-0.29403
0.0596861
-0.00268049
0.0311647

2.16065
0.999344
0.626315
0.307396
-0.0554762
-0.240773
0.0234266
0.0939315
-0.120026
-0.045483
0.00516603
-0.0183035

1.54764
0.787668
0.453107
0.224092
0.0267793
-0.0735513
-0.0482689
-0.031178
-0.0785614
-0.0478122
-0.0254111
-0.0139456

1.73756
0.915175
0.522134
0.221998
-0.0442474
-0.156458
-0.0865893
-0.0270071
-0.0582369
-0.0309335
-0.0117755
0.011317

2.3472
1.0353
0.556682
0.266233
-0.0986011
-0.316812
-0.0403019
0.0815696
-0.140719
-0.0314817
0.0339711
0.0388473

2.2869
1.05
0.592075
0.259287
-0.139781
-0.302511
-0.0328913
0.0569565
-0.121484
-0.0306425
0.0484112
0.0325986

1.7276
0.974009
0.506576
0.177316
-0.0338202
-0.134343
-0.100307
-0.0667965
-0.0136362
0.0176384
-0.0252102
0.0108125

1.76134
0.959998
0.503303
0.177364
-0.0253726
-0.125485
-0.113956
-0.0944383
-0.0903256
-0.0551404
-0.0446893
-0.0173175

2.42941
1.16313
0.499095
0.111662
-0.0743618
-0.238599
-0.0467617
0.0114412
-0.163216
-0.0401031
-0.0477212
-0.0256959

2.18734
1.14925
0.500236
0.12335
-0.0964666
-0.229479
-0.0859321
0.000113489
-0.0887049
-0.077656
-0.027551
-0.0277518

1.58027
0.832787
0.403273
0.121561
-0.0762682
-0.16051
-0.145722
-0.114035
-0.0718221
-0.0636505
-0.042851
-0.0177468

1.99538
1.00203
0.414359
0.0387686
-0.160047
-0.187865
-0.114012
-0.116971
-0.139576
-0.0606309
-0.0370178
-0.0185056

3.09006
1.08478
0.354075
-0.0298527
-0.0757715
-0.449964
0.0864807
0.130504
-0.404908
-0.0955359
-0.0241005
0.0988275

2.15764
1.0522
0.394366
0.0334948
-0.177532
-0.225417
-0.0982633
-0.0765846
-0.145117
-0.0723614
-0.0374109
-0.0210548

1.6628
0.837
0.352996
0.0500076
-0.0637243
-0.109442
-0.074396
-0.0900098
-0.112521
-0.0520988
0.0109946
0.0198369

2.25023
0.874597
0.127794
-0.128026
-0.0618185
-0.146898
0.13178
0.0374736
-0.231958
-0.0703229
-0.0524191
0.0646057

3.13619
0.837675
0.19548
-0.216335
0.097468
-0.469861
0.260321
0.187843
-0.381964
-0.0799492
-0.0908654
0.226244

1.70953
0.762227
0.202809
-0.0791634
-0.124475
-0.0670395
0.057467
0.0128088
-0.111713
-0.107518
0.0167472
0.0224516

2.1472
0.79753
0.0641817
-0.0887014
-0.0905952
-0.118704
0.0750087
0.0217492
-0.174202
-0.133567
-0.0278607
0.0755619

2.40435
0.771114
-0.00439358
-0.181222
-0.128811
-0.199275
0.155115
0.0552
-0.267526
-0.0209369
-0.0155117
0.092587

3.21651
0.513752
0.109195
-0.33753
0.0456925
-0.4826
0.279887
0.147819
-0.363136
-0.0214285
-0.0360505
0.23057

1.82084
0.721854
0.0880446
-0.184279
-0.170186
-0.0873489
0.0489529
-0.00597242
-0.133131
-0.0692376
-0.0102869
0.0382897

1.60087
0.539597
0.03032
-0.171041
-0.122039
-0.0901456
-0.0272437
-0.0447489
-0.113451
-0.0206018
-0.000229194
0.0214575

2.82483
0.642459
-0.0498204
-0.228317
0.00975126
-0.323745
0.27049
0.151823
-0.293325
-0.0151832
0.0253292
0.164148

2.98022
0.536799
0.0127306
-0.278577
0.0524582
-0.36573
0.305735
0.141332
-0.295659
-0.003643
0.017918
0.181915

2.20574
0.671304
-0.0226903
-0.189892
-0.133605
-0.0872011
0.151524
0.0549565
-0.18322
0.039492
0.0108856
0.0454161

1.50149
0.489094
0.02257
-0.120393
-0.0554169
0.0487221
0.0620184
0.0638152
0.00955159
-0.0404359
-0.0294251
-0.0310929

2.7897
0.561505
-0.0484983
-0.133377
0.0530461
-0.142185
0.330638
0.137171
-0.151277
-0.0556958
-0.0242677
0.0536209

2.83793
0.519232
-0.02662
-0.165866
0.0824488
-0.154003
0.343533
0.152773
-0.161465
-0.0550597
-0.0400552
0.0566339

2.02513
0.655781
0.0222546
-0.130818
-0.0398924
0.0578449
0.166316
0.094452
-0.0465655
-0.0241216
-0.042739
-0.00375853

1.45579
0.530736
0.183901
0.0745787
0.0708479
0.0728432
0.115953
0.131599
0.0273454
-0.0338574
-0.0835821
-0.0516846

2.53824
0.539008
0.117779
-0.017704
0.138412
-0.170674
0.26815
0.232063
-0.0416291
-0.0142181
-0.0280976
0.0563835

2.95995
0.28422
0.186843
-0.0768548
0.264858
-0.287002
0.361778
0.209021
-0.100853
0.0592514
-0.111264
0.105113

2.20313
0.624588
0.0888691
0.0396917
0.039331
-0.0279817
0.238447
0.178143
-0.0527416
-0.0175558
-0.0117736
0.0173833

1.35999
0.540931
0.218228
0.105501
0.0797013
0.0942351
0.112288
0.0994329
6.14206e-005
-0.0450642
0.011361
-0.00646573

2.15587
0.597641
0.114238
0.167532
0.16636
-0.0677646
0.182334
0.192615
-0.02737
-0.134214
-0.0780983
0.0317407

2.70347
0.309478
0.382703
0.114104
0.3137
-0.284366
0.270227
0.165818
-0.0773179
-0.0211442
-0.166616
0.0776919

2.33278
0.558226
0.23484
0.210696
0.215841
-0.19568
0.188052
0.177281
-0.0287247
-0.102958
-0.0843474
0.0390105

1.85663
0.731425
0.248411
0.188604
0.235779
0.081886
0.128697
0.0844175
-0.0493634
-0.0871489
-0.0311842
0.00383502

1.95573
0.656769
0.198949
0.18126
0.156269
0.0844538
0.244858
0.0863827
-0.119376
-0.0776733
-0.00420744
0.0373742

2.62357
0.327825
0.327289
0.059382
0.334782
-0.051418
0.364017
0.131197
-0.204459
-0.0129548
-0.040784
0.0578874

2.65941
0.283856
0.348958
0.0297123
0.343968
-0.0398667
0.390795
0.130096
-0.208082
0.0138506
-0.0574414
0.051595

1.44753
0.531799
0.180393
0.0619154
0.0227342
0.00784863
0.051786
-0.0176661
-0.10326
-0.0533892
-0.0266769
-0.0141985

2.12487
0.559054
0.0921444
0.101583
0.111879
-0.149141
0.0699443
0.15769
-0.066002
-0.118242
-0.0631357
0.0343821

2.72822
0.29826
0.157738
0.0259421
0.242032
-0.280957
0.132339
0.166974
-0.0953256
-0.0829349
-0.0936083
0.0846944

2.01434
0.521536
0.0991066
0.128191
0.080184
-0.0546866
0.0248876
0.0722425
-0.0204516
-0.0879152
-0.00660796
0.0370608

1.26981
0.593556
0.300813
0.137583
0.0699573
0.086926
0.101375
0.0749722
0.0486405
0.0458429
0.0666505
-0.00394483

2.89248
0.271181
0.33966
0.0536531
0.252951
-0.00116673
0.32302
0.230567
-0.0987568
0.0937666
0.157365
0.109544

2.62499
0.49572
0.175436
0.178182
0.182108
0.0330226
0.310017
0.254386
-0.0841182
0.0498751
0.164808
0.127825

1.95515
0.672588
0.233419
0.180628
0.144227
0.102245
0.20531
0.176933
0.0756441
0.112275
0.0868949
0.0457581

1.15457
0.556726
0.297968
0.135567
0.0868152
0.0937178
0.110943
0.121816
0.112467
0.0991885
0.0549988
-0.0120061

2.12543
0.77729
0.290247
0.1261
0.00296983
-0.0659066
0.0581231
0.11899
-0.0365238
-0.0316667
-0.0240818
-0.0144117

2.53663
0.761514
0.288959
0.0836815
0.000974699
-0.0664199
0.101484
0.169201
-0.124071
-0.0253774
-0.00303213
-0.00830963

2.31989
0.839596
0.26489
0.0906179
-0.0139478
-0.0736153
0.102284
0.117977
-0.0832988
-0.0547379
-0.048183
-0.0251654

1.84663
0.838722
0.359848
0.164942
0.114228
0.0846903
0.0921264
0.039673
-0.101374
-0.138044
-0.0343723
-0.0213538

2.03176
0.934573
0.376634
0.114487
0.073583
0.135791
0.160185
0.0251674
-0.0897204
-0.0370487
-0.00229532
0.0312086

2.76782
0.865518
0.411713
0.0733474
0.086978
0.0566591
0.193702
0.143076
-0.242126
-0.0319217
0.0438349
0.0391455

2.73269
0.82163
0.407561
0.0642474
0.120923
0.0484795
0.20486
0.114113
-0.219667
-0.00826015
0.0570459
0.0507141

1.96624
0.895973
0.371788
0.0931294
0.0296132
0.137582
0.161168
0.02483
-0.130321
-0.0426897
0.0454703
0.0900693

2.23975
0.882277
0.25595
0.0429365
0.0444405
0.178341
0.233284
0.0645764
-0.115174
0.0210791
0.0593155
0.120195

2.74243
0.851913
0.328662
0.0207202
-0.0254288
0.141999
0.334448
0.128106
-0.24699
0.0621853
0.120851
0.104214

2.81605
0.812534
0.340928
0.0346252
-0.0388184
0.14288
0.34196
0.123949
-0.23796
0.0543248
0.137582
0.100493

1.21859
0.572867
0.294122
0.155396
0.115286
0.123105
0.131304
0.0983831
0.0594
0.0545467
0.0737391
-0.00237505

1.94797
0.876248
0.457542
0.204042
0.0657829
0.147951
0.189224
0.0565883
-0.0746151
-0.0500568
0.0823713
0.0723568

2.42387
0.86413
0.560278
0.135627
-0.0189381
0.155709
0.229757
0.123193
-0.128348
-0.00909601
0.0382443
0.0270188

1.55369
0.848036
0.510789
0.256438
0.129267
0.13162
0.131486
0.0917328
0.0424559
0.0398375
0.0878942
0.0326137

1.14268
0.604783
0.405017
0.297518
0.204672
0.13208
0.0923184
0.0718609
0.0670903
0.061692
0.0781332
0.0167457

1.62414
0.857291
0.490468
0.23412
0.169193
0.217237
0.15144
0.0338503
-0.00661844
0.0568802
0.175083
0.123716

2.21711
0.902092
0.601821
0.00499057
0.127488
0.361707
0.155698
0.0246672
-0.0924211
0.0209966
0.119227
0.193425

1.43081
0.7708
0.453907
0.266403
0.204308
0.199373
0.134799
0.0575358
0.00942806
0.0378645
0.161491
0.0772742

1.24214
0.648968
0.438996
0.298752
0.235923
0.192215
0.134268
0.0693553
0.0332372
0.0505699
0.0805806
0.0308974

1.55322
0.850305
0.624127
0.345749
0.321688
0.298725
0.162115
0.0904627
0.012912
-0.0147659
0.114712
0.0452

1.97272
0.873704
0.716815
0.262755
0.30748
0.32055
0.138106
0.150815
0.00434127
-0.136948
0.0875718
0.0640447

1.52349
0.849412
0.598948
0.357979
0.297307
0.231581
0.154666
0.132839
0.0949416
0.0274155
0.0852231
0.042937

1.20117
0.622054
0.455063
0.359815
0.235874
0.172292
0.132049
0.0870414
0.0600936
0.0430315
0.0589554
0.0179388

1.75556
0.696952
0.647616
0.181038
0.190326
0.306634
0.136168
-0.00442326
-0.104767
-0.0554622
0.0967597
0.0660503

1.82361
0.687392
0.715866
0.107587
0.182543
0.334261
0.16114
0.00306594
-0.166919
-0.0442686
0.0890723
0.0520791

1.4394
0.724552
0.465787
0.252456
0.171867
0.200036
0.178541
-0.00396806
-0.0785204
0.0140941
0.0410156
0.0114283

1.44407
0.626121
0.469625
0.184487
0.153438
0.129886
0.0823296
0.0505302
-0.140265
-0.157474
0.0340065
-0.00338692

1.4216
0.631863
0.461673
0.246495
0.159899
0.157071
0.05473
-0.0767346
-0.140893
-0.108213
-0.00751278
-0.0189096

1.9856
0.533735
0.742466
0.140485
0.107973
0.251906
0.107921
-0.019596
-0.238502
-0.15451
0.0186822
-0.0223508

1.54005
0.646988
0.496324
0.240078
0.157886
0.165099
0.0428854
-0.0406922
-0.135428
-0.170773
0.0149015
-0.00724506

1.40177
0.629884
0.411929
0.294693
0.19021
0.113137
-0.00468494
-0.0340943
-0.0865239
-0.0800597
-0.0124203
-0.0261632

1.26395
0.598913
0.563692
0.315125
0.199277
0.159583
0.0164325
-0.0462919
-0.0946753
-0.0870694
-0.0465398
-0.0578936

1.71931
0.536523
0.810798
0.127335
0.236692
0.255113
0.090753
-0.0419213
-0.216138
-0.106832
-0.0164949
-0.0780655

1.54296
0.611592
0.693168
0.184233
0.199921
0.246035
0.0673403
-0.0229152
-0.175293
-0.130007
-0.0128929
-0.0607758

1.12579
0.539631
0.592581
0.22419
0.164339
0.179884
-0.0029315
-0.0222755
-0.0911336
-0.0687516
-0.0673334
-0.0455182

1.19013
0.586371
0.706469
0.190406
0.284909
0.179344
-0.0101484
0.13372
-0.0576902
-0.00173839
0.0895709
-0.0305837

1.4297
0.498764
1.07103
0.048706
0.399248
0.190242
-0.0178181
0.0941868
-0.0940096
0.0325876
0.0851359
-0.0593811

1.18162
0.656046
0.687709
0.190017
0.285552
0.200698
0.0146433
0.0984285
-0.0385579
-0.00113938
0.0850717
-0.0167363

1.27695
0.599524
0.593507
0.286716
0.377761
0.162913
0.0256293
0.0901266
-0.0893867
0.056637
0.105267
-0.00920451

1.32229
0.713452
0.616094
0.304962
0.371533
0.204475
0.000177474
0.0763831
-0.0833117
-0.0131498
0.109414
-0.0158475

1.60096
0.572137
0.92442
0.225239
0.535465
0.219184
-0.00799123
0.0341389
-0.145528
-0.0398777
0.143933
-0.033992

1.26822
0.70696
0.562263
0.255173
0.356696
0.20274
0.0198029
0.0773608
-0.0790194
-0.0468695
0.116651
-0.013996

1.25419
0.657991
0.539602
0.251822
0.298601
0.209822
0.0537719
0.0122228
0.0411494
0.0619792
0.0521486
0.0198708

1.28765
0.518498
0.710107
0.0964358
0.33176
0.303629
0.042978
0.194832
0.049915
-0.0221994
0.147752
0.0216532

1.48109
0.45292
0.835686
-0.0244674
0.375469
0.362822
0.0121154
0.184753
0.0601915
0.00403475
0.135352
0.0149882

1.35348
0.490722
0.753329
0.0274926
0.342959
0.360149
0.0414983
0.183421
0.0728472
-0.00319117
0.12604
0.0296023

1.20046
0.492875
0.785085
0.0814158
0.222062
0.230318
0.00233665
0.24984
0.0816715
0.0272266
0.0554673
-0.0027879

1.30213
0.394802
0.712258
0.142884
0.276384
0.172055
-0.0245361
0.20244
-0.0468615
-0.0334569
0.114728
-0.0155284

1.47492
0.25681
0.885574
0.0596456
0.300234
0.1355
-0.0186075
0.210378
-0.0271094
-0.0492343
0.0994456
-0.0181326

1.46535
0.293608
0.831985
0.0854985
0.280813
0.145369
-0.0180181
0.225423
-0.0373996
-0.0547308
0.116748
-0.0252902

