3.93286
1.06215
4.42635
0.981461
1.74611
1.06608
-0.377381
1.51849
-0.191402
0.19295
0.437781
-0.0993495

3.05328
1.86229
3.2507
1.60547
1.76458
0.943517
-0.0948535
0.983242
-0.165529
0.108947
0.373884
-0.0368401

2.87348
2.5969
3.88959
0.691795
2.23697
1.4772
-0.592441
1.76212
0.0933063
0.0852046
0.144441
-0.0793281

3.67877
1.99347
5.95713
-0.412679
2.7572
1.95884
-0.967596
1.17174
0.13212
0.0538782
0.229767
-0.093013

3.70523
1.91275
6.12137
-0.687214
2.84906
2.16177
-0.794759
1.06193
0.0180774
0.0374626
0.234749
-0.0851982

3.01516
2.31614
4.18688
0.348501
2.07525
2.21911
-0.356977
1.09307
-0.162228
0.0676786
0.200314
-0.0760333

3.19273
1.92964
4.04541
0.880469
1.97127
2.04002
-0.499203
0.899716
-0.135246
-0.201887
0.177596
-0.0553273

2.98562
1.23621
3.36667
0.171102
1.19358
1.43826
-0.166383
0.297494
-0.107481
-0.738381
-0.21665
0.0357201

3.26952
0.669264
3.76421
-0.167008
1.26858
1.46714
-0.269091
0.205606
-0.136076
-0.775708
-0.222944
0.0509421

3.06574
0.807831
3.39044
0.153808
1.2684
1.44502
-0.483166
0.178992
-0.180383
-0.667679
-0.2225
0.0363519

2.97821
1.39208
2.76901
-0.185742
0.993455
1.10341
-0.972213
0.0763918
-0.144278
-0.325953
0.0628159
0.0239798

3.25089
1.92375
3.46592
-0.356183
1.82717
1.93092
-0.231368
0.180426
-0.502164
-0.181218
0.323215
-0.0020334

3.53497
1.81724
3.77327
-0.60632
1.81991
1.85748
-0.0714167
0.209496
-0.588936
-0.21251
0.345795
0.00224389

3.41066
1.87004
3.41977
-0.452403
1.73951
1.81922
-0.0312163
0.184072
-0.373482
-0.195909
0.335789
0.0203657

2.81772
2.31239
2.86639
0.383651
1.37207
1.64026
-0.13611
0.132911
-0.187506
-0.172419
0.228366
-0.0146882

3.11707
1.99212
3.30623
0.732561
1.389
1.89123
-0.510256
-0.485672
0.806919
-0.171128
0.0200267
0.0358564

3.74955
1.4937
4.24321
0.291738
2.0717
2.03947
-0.435312
-0.387862
0.867582
-0.134016
0.00438578
0.084471

3.31371
2.01811
3.56864
1.33192
1.51091
1.9452
-0.13779
0.15081
0.939889
0.0930228
0.0561043
0.0585169

2.78619
2.25475
2.14468
1.68853
1.736
1.57632
1.21245
0.579194
0.453142
0.312138
0.175411
0.0137811

3.02675
2.41717
2.82809
2.1145
2.05838
2.29552
1.17992
0.77701
0.703094
0.205023
0.291419
0.0557903

4.29163
2.06197
5.50756
0.588299
3.13792
5.05261
1.60122
1.08724
0.504114
-0.162679
0.380184
0.139165

3.02743
2.59717
2.6574
2.12674
2.06777
2.01368
1.27785
1.03901
0.664655
0.241455
0.200213
0.0517197

2.75065
2.2319
2.05285
1.74443
1.56591
1.41728
0.942079
0.653383
0.502804
0.253994
0.181834
0.0198371

3.26704
2.83246
2.94395
2.71505
2.69596
2.33747
1.59539
1.12763
0.796102
0.377933
0.187702
0.076927

4.93502
2.48069
4.70962
2.06003
4.40773
4.16018
1.73941
1.55634
0.821649
-0.209856
0.498954
0.185463

2.91244
2.48547
2.3426
2.07576
1.92559
1.74023
1.35557
1.05184
0.685266
0.388888
0.216763
0.058946

2.77562
2.31775
2.23159
2.10969
1.8155
1.46778
1.16559
0.991556
0.693747
0.396421
0.220028
0.0462729

3.56609
3.18018
3.4185
3.05615
3.07973
2.60781
1.77021
1.38756
0.924745
0.474901
0.183657
0.0833007

3.97094
3.32033
4.31394
3.48638
3.92415
3.15326
1.40852
1.70237
1.29751
0.517918
0.314448
0.100927

3.05022
2.64028
2.56313
2.40729
2.17644
1.95684
1.50688
1.06887
0.726931
0.399182
0.187915
0.0687245

2.76988
2.29193
2.04389
1.80909
1.67255
1.45457
1.21008
0.873253
0.556268
0.365752
0.213149
0.0490971

3.32723
2.86274
2.78399
2.89111
3.01412
2.70607
1.92002
1.03054
0.561018
0.402532
0.245702
0.0859149

4.35657
3.49246
3.52438
2.94125
4.23675
4.10131
2.77988
1.2992
-0.108822
0.0282762
0.605805
0.167754

3.24864
2.85102
2.6903
2.53718
2.66374
2.27481
1.64991
1.10712
0.564598
0.390068
0.227075
0.0744492

2.69715
2.19691
1.94256
1.7081
1.42766
1.19992
1.03089
0.797697
0.52336
0.327284
0.180865
0.0217589

3.30076
2.99024
3.02032
2.83532
2.78144
2.40709
1.5543
1.05345
0.709984
0.411321
0.195663
0.0702809

4.10057
3.56508
4.37201
2.76968
3.76858
3.88646
1.79088
1.21101
0.369461
0.105478
0.512299
0.0936419

3.26207
2.95863
2.93341
2.65329
2.55064
2.20796
1.53519
1.15614
0.81969
0.360732
0.181135
0.071235

2.83783
2.36885
2.15424
2.02898
1.75584
1.51528
1.34314
0.948712
0.619445
0.409891
0.196512
0.0492373

3.12623
2.4729
1.94582
1.84006
1.87068
1.72337
1.16044
0.804945
0.752499
0.473913
0.211325
0.0515246

5.06345
2.76859
3.06155
3.10785
3.81349
1.97121
0.735258
1.96483
0.666242
-0.210803
0.147297
0.0726116

5.17986
2.9391
3.51732
3.15236
2.95553
1.33456
0.77665
1.41701
0.411912
-0.138617
0.124808
0.0555318

3.63954
3.03727
2.84772
2.17725
0.742701
0.252729
0.921692
0.921099
0.186999
-0.0714904
-0.0223466
-0.0133282

4.0239
3.16084
2.37546
1.64397
0.774556
0.307299
0.442401
0.347833
0.179861
0.236657
-0.0967227
-0.0226645

7.21902
2.22517
2.79966
1.00659
1.97127
-1.5948
1.42762
1.13531
-1.23047
0.730347
0.403734
0.00277004

6.12628
3.08452
2.15409
1.79454
0.922549
-1.08504
0.969475
0.906402
-0.880062
0.597694
0.170184
-0.0246232

3.51888
2.81547
2.0512
1.27058
0.564531
0.198922
-0.0722714
-0.225074
-0.26025
-0.28373
-0.249506
-0.0436806

4.34887
3.65852
2.99407
1.73479
0.156555
-0.875811
-0.465247
0.0654673
-0.228964
-0.121164
-0.13745
-0.0200353

8.13881
2.49312
4.22849
0.917532
1.13883
-3.60742
0.901629
1.16137
-1.54149
0.238744
-0.00684305
0.0311647

5.51597
3.99738
3.28355
1.90467
-0.376992
-1.68541
0.159197
0.582014
-0.629254
-0.181932
0.0131884
-0.0183035

3.95099
3.15067
2.37548
1.38851
0.18198
-0.514859
-0.328014
-0.193183
-0.411869
-0.191249
-0.0648723
-0.0139456

4.43585
3.6607
2.73736
1.37553
-0.300685
-1.09521
-0.588422
-0.16734
-0.305315
-0.123734
-0.0300618
0.011317

5.99219
4.14118
2.91848
1.64962
-0.670049
-2.21768
-0.273874
0.505418
-0.737737
-0.125927
0.0867252
0.0388473

5.83827
4.19999
3.10404
1.60658
-0.949887
-2.11758
-0.223514
0.352911
-0.636897
-0.12257
0.12359
0.0325986

4.41041
3.89604
2.65579
1.09868
-0.229827
-0.940403
-0.68164
-0.413882
-0.0714899
0.0705536
-0.0643595
0.0108125

4.49655
3.83999
2.63864
1.09897
-0.172421
-0.878394
-0.774392
-0.585154
-0.473545
-0.220562
-0.114088
-0.0173175

6.20207
4.65252
2.61658
0.691874
-0.50533
-1.67019
-0.317772
0.0708913
-0.855684
-0.160412
-0.121828
-0.0256959

5.5841
4.59699
2.62256
0.764293
-0.655544
-1.60635
-0.583957
0.000703194
-0.465048
-0.310624
-0.0703353
-0.0277518

4.03428
3.33115
2.11422
0.75321
-0.518284
-1.12357
-0.990265
-0.706581
-0.376537
-0.254602
-0.109395
-0.0177468

5.09405
4.0081
2.17233
0.240216
-1.08761
-1.31506
-0.774776
-0.724771
-0.731744
-0.242524
-0.0945034
-0.0185056

7.88865
4.33912
1.85629
-0.184972
-0.51491
-3.14975
0.587684
0.808625
-2.12279
-0.382144
-0.0615265
0.0988275

5.50827
4.20878
2.06752
0.207539
-1.20643
-1.57792
-0.667753
-0.47453
-0.760798
-0.289446
-0.0955069
-0.0210548

4.24499
3.348
1.85063
0.309855
-0.433042
-0.766093
-0.505562
-0.557715
-0.589909
-0.208395
0.0280683
0.0198369

5.74463
3.49839
0.669978
-0.793271
-0.420091
-1.02829
0.895515
0.232192
-1.21607
-0.281291
-0.133821
0.0646057

8.00643
3.3507
1.02483
-1.34045
0.662349
-3.28903
1.76903
1.1639
-2.0025
-0.319797
-0.231972
0.226244

4.36428
3.04891
1.06325
-0.490509
-0.845879
-0.469277
0.39052
0.079365
-0.58567
-0.430073
0.0427541
0.0224516

5.48163
3.19012
0.336482
-0.549607
-0.615645
-0.830926
0.509726
0.134761
-0.913277
-0.53427
-0.0711259
0.0755619

6.1381
3.08446
-0.023034
-1.12288
-0.87534
-1.39492
1.05409
0.342028
-1.40255
-0.0837476
-0.0396
0.092587

8.21148
2.05501
0.572471
-2.09139
0.310506
-3.3782
1.90199
0.915907
-1.90379
-0.0857142
-0.0920339
0.23057

4.64844
2.88741
0.461586
-1.14182
-1.15651
-0.611442
0.332662
-0.037006
-0.697959
-0.27695
-0.0262616
0.0382897

4.08689
2.15839
0.158957
-1.0598
-0.82932
-0.631019
-0.185136
-0.277271
-0.594781
-0.082407
-0.000585112
0.0214575

7.21155
2.56983
-0.26119
-1.41469
0.0662652
-2.26621
1.83813
0.940717
-1.5378
-0.0607326
0.0646634
0.164148

7.60824
2.14719
0.0667421
-1.72611
0.356482
-2.56011
2.07764
0.875718
-1.55003
-0.014572
0.045743
0.181915

5.63106
2.68521
-0.118957
-1.1766
-0.907918
-0.610408
1.02969
0.340519
-0.960558
0.157968
0.0277901
0.0454161

3.83318
1.95637
0.118326
-0.745976
-0.376589
0.341055
0.421449
0.395409
0.0500756
-0.161743
-0.0751198
-0.0310929

7.12186
2.24602
-0.254259
-0.826422
0.360478
-0.995296
2.24687
0.849934
-0.79309
-0.222783
-0.0619534
0.0536209

7.245
2.07693
-0.139559
-1.02773
0.560285
-1.07802
2.3345
0.946605
-0.846503
-0.220239
-0.102257
0.0566339

5.16997
2.62312
0.116673
-0.810568
-0.271091
0.404914
1.13021
0.585239
-0.244126
-0.0964864
-0.109109
-0.00375853

3.71651
2.12294
0.964127
0.462101
0.481451
0.509903
0.787965
0.81541
0.143362
-0.13543
-0.213378
-0.0516846

6.47991
2.15603
0.617472
-0.109697
0.940589
-1.19472
1.82223
1.4379
-0.218247
-0.0568723
-0.0717306
0.0563835

7.55649
1.13688
0.979551
-0.476204
1.79986
-2.00901
2.45848
1.29513
-0.528736
0.237006
-0.284048
0.105113

5.62439
2.49835
0.465909
0.245936
0.267276
-0.195872
1.62038
1.1038
-0.276505
-0.0702232
-0.0300569
0.0173833

3.47193
2.16372
1.14409
0.653702
0.541615
0.659646
0.763062
0.616101
0.000322006
-0.180257
0.0290036
-0.00646573

5.50375
2.39057
0.598907
1.03805
1.13051
-0.474352
1.23906
1.19347
-0.143491
-0.536857
-0.199378
0.0317407

6.90174
1.23791
2.00638
0.707003
2.13176
-1.99056
1.83634
1.02743
-0.40535
-0.0845767
-0.425356
0.0776919

5.95538
2.2329
1.23118
1.3055
1.46676
-1.36976
1.27792
1.09846
-0.150593
-0.411834
-0.215332
0.0390105

4.73982
2.9257
1.30233
1.16862
1.60225
0.573202
0.874565
0.523064
-0.258794
-0.348596
-0.0796105
0.00383502

4.9928
2.62708
1.04302
1.12311
1.06194
0.591176
1.66394
0.53524
-0.625845
-0.310693
-0.0107412
0.0373742

6.69774
1.3113
1.71586
0.36794
2.27503
-0.359926
2.4737
0.812915
-1.0719
-0.0518193
-0.104118
0.0578874

6.78925
1.13542
1.82946
0.184102
2.33745
-0.279067
2.65567
0.806092
-1.0909
0.0554025
-0.146643
0.051595

3.69541
2.12719
0.945737
0.383637
0.154492
0.0549404
0.351915
-0.109462
-0.541358
-0.213557
-0.0681038
-0.0141985

5.42461
2.23621
0.48308
0.629424
0.760279
-1.04399
0.47531
0.977071
-0.346025
-0.47297
-0.16118
0.0343821

6.96491
1.19304
0.826964
0.160741
1.64474
-1.9667
0.899315
1.0346
-0.499758
-0.331739
-0.238974
0.0846944

5.14244
2.08614
0.51958
0.794292
0.544895
-0.382806
0.169125
0.447626
-0.107221
-0.351661
-0.0168696
0.0370608

3.24171
2.37422
1.57705
0.852488
0.475399
0.608482
0.688897
0.464539
0.255004
0.183371
0.170153
-0.00394483

7.38424
1.08473
1.78072
0.332443
1.71895
-0.00816708
2.1951
1.42863
-0.517746
0.375066
0.40174
0.109544

6.70137
1.98288
0.919746
1.10404
1.23752
0.231158
2.10674
1.57621
-0.441002
0.1995
0.42074
0.127825

4.99133
2.69035
1.22373
1.1192
0.980104
0.715718
1.3952
1.09631
0.396575
0.449098
0.221835
0.0457581

2.94752
2.2269
1.56214
0.839997
0.589957
0.656024
0.753918
0.754789
0.589623
0.396754
0.140407
-0.0120061

5.42605
3.10916
1.52166
0.781338
0.0201817
-0.461346
0.394979
0.73728
-0.191481
-0.126667
-0.0614787
-0.0144117

6.4758
3.04605
1.51491
0.518503
0.00662362
-0.46494
0.689642
1.04839
-0.650458
-0.10151
-0.00774076
-0.00830963

5.92249
3.35838
1.38872
0.561482
-0.0947832
-0.515307
0.695079
0.731005
-0.436706
-0.218951
-0.123007
-0.0251654

4.71429
3.35489
1.88655
1.022
0.776239
0.592832
0.62605
0.24582
-0.531469
-0.552176
-0.0877495
-0.0213538

5.18692
3.73829
1.97456
0.709379
0.500037
0.950537
1.08855
0.155941
-0.470372
-0.148195
-0.00585975
0.0312086

7.06602
3.46207
2.15846
0.454472
0.591064
0.396614
1.31631
0.886522
-1.26938
-0.127687
0.111907
0.0391455

6.97632
3.28652
2.1367
0.398087
0.821742
0.339357
1.39214
0.707063
-1.15164
-0.0330406
0.145633
0.0507141

5.01964
3.58389
1.94915
0.577044
0.201238
0.963073
1.09523
0.15385
-0.683228
-0.170759
0.116082
0.0900693

5.71789
3.52911
1.34185
0.266041
0.301998
1.24839
1.58529
0.400125
-0.603818
0.0843163
0.151427
0.120195

7.00118
3.40765
1.72306
0.128385
-0.172802
0.993995
2.27276
0.793762
-1.29488
0.248741
0.308522
0.104214

7.18914
3.25013
1.78737
0.214543
-0.263792
1.00016
2.32381
0.768009
-1.24754
0.217299
0.351236
0.100493

3.11095
2.29147
1.54198
0.96286
0.783434
0.861738
0.892283
0.609597
0.311413
0.218187
0.18825
-0.00237505

4.97299
3.50499
2.39873
1.26428
0.447031
1.03566
1.28588
0.35063
-0.39118
-0.200227
0.210287
0.0723568

6.18794
3.45652
2.93734
0.840365
-0.128695
1.08996
1.56133
0.763323
-0.672885
-0.036384
0.0976345
0.0270188

3.96644
3.39215
2.67788
1.58893
0.878439
0.921338
0.893518
0.56839
0.222581
0.15935
0.224386
0.0326137

2.91717
2.41913
2.12336
1.84346
1.39086
0.924558
0.627354
0.445261
0.35173
0.246768
0.199467
0.0167457

4.14628
3.42916
2.57135
1.45064
1.14976
1.52066
1.02912
0.209742
-0.0346981
0.227521
0.446971
0.123716

5.66009
3.60837
3.15513
0.0309223
0.86635
2.53195
1.05805
0.152841
-0.48453
0.0839863
0.304377
0.193425

3.65272
3.0832
2.37967
1.65068
1.38839
1.39561
0.916031
0.356501
0.0494279
0.151458
0.412273
0.0772742

3.17108
2.59587
2.3015
1.85111
1.60323
1.3455
0.912426
0.429736
0.174251
0.20228
0.205715
0.0308974

3.96523
3.40122
3.27207
2.14231
2.18605
2.09108
1.10166
0.560521
0.0676929
-0.0590635
0.29285
0.0452

5.0362
3.49482
3.758
1.62807
2.0895
2.24385
0.938506
0.93447
0.0227597
-0.547793
0.223563
0.0640447

3.88934
3.39765
3.14007
2.21809
2.02037
1.62107
1.05104
0.823089
0.497745
0.109662
0.217567
0.042937

3.06649
2.48822
2.38573
2.22947
1.6029
1.20605
0.897348
0.539322
0.315049
0.172126
0.150508
0.0179388

4.48179
2.78781
3.39522
1.12174
1.29337
2.14644
0.925337
-0.0274072
-0.549253
-0.221849
0.247019
0.0660503

4.65553
2.74957
3.75303
0.666627
1.24048
2.33983
1.09503
0.018997
-0.875094
-0.177074
0.227394
0.0520791

3.67467
2.89821
2.44195
1.56425
1.16793
1.40025
1.21329
-0.0245867
-0.411654
0.0563765
0.104709
0.0114283

3.68659
2.50448
2.46208
1.14311
1.0427
0.909205
0.559475
0.313093
-0.73536
-0.629897
0.0868157
-0.00338692

3.62922
2.52745
2.42039
1.52732
1.0866
1.0995
0.371921
-0.475459
-0.738652
-0.432852
-0.0191795
-0.0189096

5.06908
2.13494
3.89248
0.870469
0.733737
1.76334
0.733386
-0.12142
-1.25038
-0.61804
0.0476941
-0.0223508

3.93163
2.58795
2.60205
1.48756
1.07292
1.15569
0.29143
-0.252135
-0.710002
-0.683093
0.0380421
-0.00724506

3.5786
2.51954
2.1596
1.82596
1.29259
0.791959
-0.0318368
-0.211254
-0.453614
-0.320239
-0.031708
-0.0261632

3.22676
2.39565
2.95523
1.95256
1.3542
1.11708
0.111668
-0.286832
-0.496348
-0.348278
-0.118812
-0.0578936

4.38925
2.14609
4.25073
0.788986
1.60845
1.78579
0.616717
-0.259751
-1.13313
-0.427326
-0.04211
-0.0780655

3.93904
2.44637
3.63403
1.14154
1.35857
1.72224
0.457615
-0.141986
-0.919001
-0.520028
-0.0329144
-0.0607758

2.87405
2.15852
3.10669
1.38911
1.11677
1.25919
-0.0199212
-0.138023
-0.477781
-0.275006
-0.171897
-0.0455182

3.03829
2.34548
3.70376
1.17978
1.93612
1.25541
-0.0689639
0.82855
-0.302449
-0.00695355
0.228667
-0.0305837

3.64989
1.99506
5.61501
0.30179
2.71311
1.3317
-0.121084
0.583596
-0.492859
0.13035
0.217345
-0.0593811

3.01658
2.62419
3.60541
1.17737
1.94049
1.40488
0.0995094
0.609878
-0.202145
-0.00455752
0.217181
-0.0167363

3.25996
2.3981
3.11154
1.77654
2.56709
1.14039
0.174166
0.558438
-0.468623
0.226548
0.268737
-0.00920451

3.37569
2.85381
3.22996
1.88959
2.52477
1.43133
0.00120603
0.473282
-0.436773
-0.052599
0.279324
-0.0158475

4.0871
2.28855
4.8464
1.39562
3.63878
1.53429
-0.0543049
0.21153
-0.762949
-0.159511
0.367447
-0.033992

3.23765
2.82784
2.94774
1.58109
2.42395
1.41918
0.134571
0.479339
-0.41427
-0.187478
0.297801
-0.013996

3.20184
2.63196
2.82894
1.56033
2.02916
1.46876
0.36541
0.0757342
0.215732
0.247917
0.133131
0.0198708

3.28727
2.07399
3.72284
0.597531
2.2545
2.1254
0.29206
1.20721
0.261687
-0.0887975
0.377199
0.0216532

3.7811
1.81168
4.3812
-0.151603
2.55152
2.53975
0.082331
1.14476
0.315563
0.016139
0.345541
0.0149882

3.45531
1.96289
3.94943
0.170348
2.33059
2.52105
0.282004
1.13651
0.381912
-0.0127647
0.32177
0.0296023

3.06467
1.9715
4.11592
0.504465
1.50904
1.61223
0.0158788
1.54805
0.428174
0.108906
0.141603
-0.0027879

3.32424
1.57921
3.73412
0.885334
1.87818
1.20439
-0.166737
1.25435
-0.245678
-0.133828
0.292891
-0.0155284

3.76536
1.02724
4.64275
0.369573
2.04026
0.9485
-0.126449
1.30353
-0.142125
-0.196937
0.253876
-0.0181326

3.74091
1.17443
4.3618
0.529762
1.90828
1.01758
-0.122443
1.39675
-0.196073
-0.218923
0.298048
-0.0252902

