1.54054
-0.921089
1.04457
-1.09711
0.755416
-0.618117
0.29357
0.0896046
-0.273212
0.325384
-0.209017
0.00884353

1.196
-0.24963
0.348353
-0.343122
0.121825
-0.159925
-0.0551133
0.184973
-0.184642
0.139935
0.0513887
-0.132789

1.12557
0.0157743
0.248832
-0.589797
0.289776
-0.117938
-0.157613
0.310182
-0.194077
0.0637694
-0.105321
0.0467462

1.44101
-0.539885
0.916842
-1.49041
1.09736
-0.768217
0.431022
-0.249697
0.203791
0.00959394
-0.135376
0.0425218

1.45137
-0.575053
0.983132
-1.60112
1.22761
-0.856472
0.544444
-0.427201
0.305447
-0.0286504
-0.0688387
0.00389573

1.18107
-0.118424
0.389322
-0.73184
0.391683
-0.0704155
-0.162575
0.122022
-0.165244
0.206157
-0.103059
0.000594707

1.25062
-0.299619
0.494331
-0.663956
0.357314
-0.140937
-0.168419
0.188565
-0.187841
0.15536
-0.0330008
0.000615055

1.1695
-0.374809
0.547326
-0.637754
0.37573
-0.142085
-0.0259808
0.00384257
-0.0632026
-0.0798859
0.0569257
0.128413

1.2807
-0.652782
0.853816
-0.93537
0.677954
-0.400431
0.159196
-0.123328
0.00945781
-0.104359
0.074462
0.122683

1.20088
-0.519096
0.69281
-0.713214
0.479555
-0.243757
-0.0123852
0.00986384
-0.0688419
-0.0269808
0.00416282
0.149252

1.16659
-0.332448
0.386783
-0.547052
0.353316
-0.0985145
-0.154228
0.115211
-0.0544674
0.036924
0.0076907
0.0396702

1.2734
-0.329841
0.392824
-0.734611
0.569795
-0.15513
-0.100817
-0.0583938
-0.0322049
0.152644
0.0557616
-0.0897329

1.38468
-0.50436
0.533136
-0.915286
0.7506
-0.303045
0.0456802
-0.163172
0.00963201
0.141415
0.0800477
-0.113753

1.33599
-0.424918
0.425136
-0.769277
0.626365
-0.204026
-0.0364402
-0.101484
0.011242
0.0970929
0.0941009
-0.110375

1.10372
-0.031007
0.13278
-0.418351
0.219051
0.053917
-0.188591
0.0157539
-0.0246679
0.0620194
0.0897139
-0.0958339

1.22098
-0.24737
0.325928
-0.497163
0.238993
0.0128279
-0.245618
0.0190847
0.231628
-0.138449
0.0465664
-0.0462092

1.46873
-0.705164
0.788957
-1.0025
0.768615
-0.442285
0.0600142
-0.155922
0.352328
-0.240445
0.117695
-0.0600423

1.29801
-0.337888
0.390303
-0.489121
0.185331
-0.00486419
-0.206852
0.102991
0.125713
-0.0971612
0.000259384
-0.00422615

1.09138
-0.0318651
0.0105463
-0.0562313
0.0352462
0.000637871
-0.0239824
-0.0677705
0.0134368
0.00634465
0.00273562
-0.0473159

1.18561
-0.0985401
0.100748
-0.138501
0.0196024
0.0479336
-0.137434
-0.0167675
0.0256135
-0.0552355
0.0883892
-0.0598323

1.68107
-0.897506
0.975734
-1.40831
1.17209
-0.467189
0.0122835
-0.304114
0.0597261
0.153385
0.0626001
-0.0492268

1.18587
-0.0538538
0.0148499
-0.094506
0.0135915
0.0132954
-0.0798148
0.00467084
-0.022396
-0.0430705
0.0410649
-0.0120481

1.07746
-0.0224817
-0.00115336
-0.0283061
-0.000601682
0.00538678
-0.0404521
-0.0128989
0.00704886
-0.0191615
0.0195614
-0.0433147

1.27973
-0.110739
0.00464758
-0.0630598
0.000254237
-0.0432841
-0.0782614
-0.0203721
0.00118144
-0.0289654
0.012735
0.0315156

1.93309
-1.24825
0.903427
-1.01948
0.97731
-0.683795
0.0860684
-0.0661564
0.0457429
-0.122486
0.355687
-0.164486

1.14083
-0.0293761
-0.0145774
-0.0340289
-0.00312581
-0.00332425
-0.0272698
-0.0106803
-0.0230243
-0.0173855
0.00321826
-0.0129313

1.08723
-0.0116024
0.00987727
-0.00593491
-0.0270251
-0.0257963
-0.0140284
0.00799587
-0.0126897
-0.019965
-0.000671238
-0.0296109

1.39687
-0.180578
-0.00424326
-0.116631
0.00659323
-0.0648683
-0.0818679
0.0115412
-0.00933439
-0.0170461
-0.00457285
0.0559789

1.55545
-0.379635
0.158922
-0.301502
0.105753
-0.165012
-0.16991
0.18302
-0.00365402
-0.0563797
0.0445126
0.0257087

1.1948
-0.0537033
-0.0154778
-0.0272431
-0.0247323
-0.0107258
-0.0366186
-0.0278954
-0.0124631
-0.0187524
-0.00515145
0.0146123

1.08499
-0.0156169
-0.0189461
-0.0156609
0.00409089
-0.0057556
-0.00643296
-0.0193843
-0.0195157
-0.000837188
0.00341468
-0.0253804

1.30331
-0.133621
-0.0327616
0.00601713
0.00743146
-0.0479329
-0.092214
-0.0873499
-0.0150867
0.0344327
0.0258679
0.0178547

1.70651
-0.58297
0.0105495
-0.135714
0.253186
-0.152284
-0.178121
-0.109464
-0.0744254
0.199155
0.244129
-0.184287

1.27252
-0.0969017
-0.0504037
-0.0297065
0.0268937
-0.0499603
-0.0626024
-0.0359268
-0.0400808
0.0251603
0.0165817
0.00601014

1.0565
-0.00886497
-0.0131865
-0.0120091
-0.0155037
-0.00454671
0.00490522
-0.00484007
-0.0146888
-0.00588304
-0.000707438
-0.040492

1.29294
-0.0882852
-0.0302096
-0.058295
-0.00938573
-0.0449492
-0.0939537
-0.0192949
0.00483508
0.00276209
0.00558549
0.0229898

1.60623
-0.39872
0.0930209
-0.417286
0.280569
-0.058198
-0.275632
0.0326761
-0.0235197
0.108204
0.197001
-0.149301

1.27778
-0.0767056
-0.0378815
-0.0675311
-0.00817665
-0.0333586
-0.0657084
-0.0061215
-0.000606462
-0.0401385
0.0138634
0.0277811

1.1116
-0.0256173
-0.0184694
-0.00239887
-0.0215973
-0.0090167
0.00509092
-0.027642
-0.0190643
-0.000993165
-0.0134892
-0.0158883

1.22457
-0.131566
-0.0798499
0.0212037
0.0282041
-0.00398172
-0.0558885
-0.0129366
0.0356713
-0.019582
-0.0262011
-0.0148933

1.9834
-1.27479
0.511573
-0.179601
0.141588
-0.374397
0.116852
0.268992
-0.400687
0.092597
0.222983
-0.116622

2.029
-1.32364
0.572224
-0.316162
0.102043
-0.244808
0.168004
0.116621
-0.234616
0.0787023
0.127912
-0.0847419

1.42564
-0.256909
-0.0564056
-0.111762
-0.158742
0.0477694
0.173622
0.00223661
-0.130978
-0.0333083
0.0382885
0.0278511

1.5762
-0.451989
-0.139775
-0.0366527
-0.0419654
0.0264807
0.074411
-0.0167097
-0.0242376
0.0340583
-0.109631
0.070946

2.82776
-3.44182
2.72952
-1.94238
1.51652
-1.62199
2.08079
-2.07539
1.1688
0.0699863
-0.630756
0.310643

2.39972
-2.1082
0.863574
-0.155111
-0.0924499
-0.120003
0.611829
-0.59532
-0.0628147
0.709672
-0.770807
0.305743

1.37838
-0.246095
-0.142472
-0.0637078
-0.0275996
0.0157971
0.000210357
-0.00309032
-0.000635613
-0.0161282
-0.0207929
0.0625642

1.70349
-0.536314
-0.163075
-0.134956
-0.0691026
0.049615
0.188154
0.0469183
-0.148075
0.00289836
-0.0382453
0.0663978

3.18805
-4.45854
4.21987
-3.75425
3.28923
-3.18992
3.88233
-4.11491
2.99526
-1.4489
0.43767
-0.0537836

2.16065
-1.33487
0.148221
-0.120609
-0.0923174
0.159675
0.399851
-0.293934
-0.294988
0.293534
-0.0515541
0.00819112

1.54764
-0.409927
-0.148104
-0.0830973
-0.0668439
0.0257653
0.10159
0.00999473
-0.0738208
0.0373446
0.00240746
-0.00434775

1.73756
-0.594389
-0.193721
-0.102297
-0.0601606
0.094782
0.167314
-0.00535563
-0.122829
0.0123176
0.00184433
0.0261918

2.3472
-1.71937
0.281888
0.0108686
-0.146073
0.156152
0.421363
-0.361822
-0.318938
0.44358
-0.151974
0.0181027

2.2869
-1.56497
0.184223
-0.039948
-0.117307
0.238549
0.34394
-0.345912
-0.269167
0.327862
-0.0494503
-0.0148973

1.7276
-0.518288
-0.316757
-0.0898369
0.033096
0.0754824
0.109868
-0.0145132
-0.0179016
-0.0339088
-0.0728145
0.0787817

1.76134
-0.591163
-0.276874
-0.081827
0.0383732
0.0662529
0.0832936
-0.0130652
-0.0485336
0.00940173
-0.0182584
0.0194069

2.42941
-1.78788
0.0631115
0.203721
0.115666
-0.096528
0.302579
-0.303001
-0.220593
0.451743
-0.20474
0.0206931

2.18734
-1.24299
-0.269345
0.164247
0.112725
0.0119276
0.201693
-0.155437
-0.226307
0.163304
0.0872662
-0.0682472

1.58027
-0.415834
-0.255034
-0.0824924
-0.0183025
0.0527707
0.0734513
0.00752985
-0.0105748
-0.0451308
-0.000410407
0.0143529

1.99538
-0.988753
-0.260945
0.0442149
0.110829
0.106256
0.0301759
-0.13555
-0.0417882
0.120632
-0.0392284
-0.0128003

3.09006
-3.68945
1.91959
-0.332231
0.15422
-0.627407
1.3909
-1.65004
0.353967
1.30904
-1.38877
0.453384

2.15764
-1.27551
-0.201776
0.175204
0.0757808
0.0733589
0.085736
-0.185662
-0.0950695
0.196292
-0.0333548
-0.0350182

1.6628
-0.545454
-0.27252
-0.0486548
0.0926995
0.0330271
0.0418936
-0.0640656
-0.0345527
0.0739544
0.0253653
-0.0492922

2.25023
-1.65716
0.0587626
0.347916
0.118582
-0.322073
0.401084
-0.428105
-0.0698066
0.536749
-0.318497
0.0201529

3.13619
-4.08018
2.70948
-1.09157
0.895605
-1.74121
2.7996
-3.04601
1.56818
0.469856
-1.01087
0.372058

1.70953
-0.699019
-0.26756
0.0415617
0.136217
0.0511587
0.0356753
-0.155201
-0.0842456
0.129947
0.129891
-0.125034

2.1472
-1.50771
0.00166422
0.40827
-0.0560252
-0.134295
0.238727
-0.271154
-0.0840261
0.307692
-0.0461316
-0.078942

2.40435
-2.11934
0.458132
0.368449
-0.104305
-0.249135
0.527487
-0.628288
0.0261081
0.712404
-0.639694
0.179775

3.21651
-4.65922
4.00301
-2.62304
2.08427
-2.5402
3.5186
-4.0571
3.03637
-1.02865
-0.149583
0.170967

1.82084
-0.935871
-0.220184
0.133496
0.162648
-0.0158764
0.0138753
-0.162059
-0.0436837
0.202656
-0.0192029
-0.0548066

1.60087
-0.7418
-0.149721
0.0526127
0.125979
-0.0527302
0.0091088
-0.0598016
-0.0512676
0.134949
-0.0533428
-0.0100638

2.82483
-3.34738
1.89222
-0.383789
0.156216
-0.800431
1.6107
-1.82214
0.784673
0.666975
-1.00474
0.386766

2.98022
-3.90405
2.82452
-1.36361
0.952746
-1.46828
2.32232
-2.68197
1.72197
-0.0956489
-0.614147
0.293294

2.20574
-1.76134
0.285182
0.281582
-0.0232989
-0.115805
0.222944
-0.344366
0.00238274
0.502011
-0.466725
0.127504

1.50149
-0.638143
-0.147621
0.0656589
0.107003
0.0310273
-0.0583455
0.0107446
-0.0279807
-0.00827114
0.0339511
-0.0227912

2.7897
-3.3297
2.0035
-0.494373
0.07966
-0.457497
1.10876
-1.44534
0.876316
0.091091
-0.451692
0.204112

2.83793
-3.5077
2.30923
-0.836909
0.398407
-0.74972
1.37889
-1.68169
1.0597
-0.0278392
-0.39535
0.189816

2.02513
-1.39479
0.0784358
0.253008
0.0676209
-0.0754767
0.0387794
-0.119248
-0.00790934
0.162611
-0.113564
0.0268549

1.45579
-0.528926
-0.0745243
0.0412708
0.0461579
0.00154312
0.0444274
0.00308156
-0.100616
0.000432756
-0.0164436
0.0448538

2.53824
-2.68232
1.47515
-0.455092
0.276894
-0.617345
1.12377
-1.12407
0.405886
0.210269
-0.238296
0.0585667

2.95995
-4.09642
3.66772
-2.62356
2.04222
-2.25176
3.02238
-3.41903
2.73323
-1.49145
0.547299
-0.114983

2.20313
-1.80229
0.495066
0.183021
-0.138853
-0.0616175
0.367893
-0.422209
-0.00555298
0.31218
-0.204285
0.0357804

1.35999
-0.383853
-0.0982004
0.0201176
0.0309533
0.0309773
0.017527
-0.0129311
-0.085196
0.00127323
0.0783651
-0.0443355

2.15587
-1.72624
0.495798
0.231439
-0.222573
-0.168292
0.543724
-0.421853
-0.0988472
0.213912
0.00331692
-0.0417744

2.70347
-3.34491
2.83922
-2.06322
1.59909
-1.78762
2.38096
-2.52154
1.86569
-1.06929
0.511293
-0.135698

2.33278
-2.1627
1.04839
-0.207955
-0.009704
-0.392125
0.939678
-0.861915
0.220138
0.114418
-0.0530791
0.00645711

1.85663
-0.992114
-0.0429177
0.225448
0.0323578
-0.217814
0.197102
-0.0875913
-0.115205
0.0872583
0.0749188
-0.0518625

1.95573
-1.25566
0.16122
0.222957
-0.107001
-0.0484657
0.241353
-0.332113
-0.0100665
0.223352
-0.061646
-0.0269844

2.62357
-3.11373
2.47693
-1.69884
1.38821
-1.48679
1.80569
-1.93305
1.32955
-0.483368
0.0612078
0.00838984

2.65941
-3.25238
2.72884
-2.01898
1.72574
-1.78774
2.0756
-2.22213
1.64214
-0.747802
0.201398
-0.0268842

1.44753
-0.515866
-0.0838917
0.0335998
0.0149883
-0.00028702
0.0485774
-0.0898344
-0.0514244
0.0909343
-0.00591815
-0.0119381

2.12487
-1.69848
0.503216
0.162191
-0.148355
-0.233092
0.536145
-0.310465
-0.210941
0.294606
-0.0390626
-0.0436265

2.72822
-3.42334
2.72846
-1.64726
1.08271
-1.31575
1.87263
-1.86622
1.08296
-0.312145
0.0444637
-0.0177867

2.01434
-1.50725
0.410776
0.164646
-0.18879
-0.0460714
0.209941
-0.10442
-0.101669
0.0695784
0.0909564
-0.0826598

1.26981
-0.212649
-0.111647
-0.0503449
0.00786739
0.057492
0.0208947
-0.02819
-0.0158131
0.0135876
0.0307332
-0.0724997

2.89248
-3.91203
3.58855
-2.7477
2.12633
-1.85708
1.92531
-1.92506
1.34242
-0.450048
-0.0344332
0.0305421

2.62499
-2.94956
1.88878
-0.675634
0.0985848
-0.112132
0.505958
-0.698018
0.206902
0.439642
-0.488802
0.136208

1.95515
-1.23872
0.164039
0.174745
-0.0772752
-0.0167192
0.146682
-0.136154
-0.0440692
0.14365
-0.0956417
-0.0124541

1.15457
-0.109791
-0.0882978
-0.0664034
0.0162224
0.0424681
0.0307399
0.014585
-0.00522731
-0.0031622
-0.0308417
-0.0494596

2.12543
-1.48144
0.23843
0.112489
-0.0754038
0.0163373
0.161946
-0.107861
-0.183922
0.215014
-0.0491322
-0.007357

2.53663
-2.45573
1.0776
-0.214386
0.0374432
-0.0485824
0.232087
-0.238466
-0.23269
0.582018
-0.401446
0.101792

2.31989
-1.85135
0.398022
0.176084
-0.103254
0.00312045
0.213357
-0.248644
-0.130234
0.327373
-0.146886
0.0101035

1.84663
-0.866303
-0.139445
0.0942316
0.0695808
-0.0185005
0.0155761
-0.0610813
-0.0957804
0.0856346
0.127052
-0.0991658

2.03176
-1.12946
-0.124324
0.131493
0.135773
0.0338832
-0.076113
-0.154153
0.050869
0.173511
-0.0607821
-0.0382551

2.76782
-2.96491
1.55009
-0.57082
0.436314
-0.354663
0.311574
-0.3618
-0.0926291
0.76103
-0.698196
0.204088

2.73269
-2.91217
1.56341
-0.642772
0.530084
-0.486138
0.463059
-0.506686
0.0800158
0.57757
-0.589017
0.177088

1.96624
-1.03707
-0.122965
0.0699006
0.131046
0.112485
-0.118506
-0.160761
0.0057627
0.251393
-0.0306599
-0.0886128

2.23975
-1.62596
0.15248
0.244885
0.0536979
0.0303598
-0.111333
-0.165301
0.086456
0.302778
-0.248418
0.0203292

2.74243
-2.90853
1.42994
-0.396743
0.233003
0.0114715
-0.0744267
-0.343497
0.171697
0.69056
-0.856056
0.288694

2.81605
-3.15254
1.77475
-0.654101
0.319632
0.0313597
-0.116693
-0.332605
0.223755
0.610021
-0.814107
0.284166

1.21859
-0.169612
-0.102375
-0.0336435
0.0253851
0.0399289
0.0189123
-0.0273701
-0.0236588
0.01505
0.0298181
-0.0768855

1.94797
-1.02104
-0.0174106
-0.00859439
0.0375601
0.174354
-0.0640381
-0.180095
0.00115472
0.154709
0.101833
-0.160266

2.42387
-2.07345
0.839179
-0.495556
0.365263
0.141535
-0.207028
-0.123011
-0.0911401
0.460503
-0.250133
-0.0112709

1.55369
-0.358942
-0.181707
-0.115991
0.0182135
0.100096
0.0147337
-0.0496052
-0.0365822
0.0330911
0.0652361
-0.0807608

1.14268
-0.0480787
-0.0373873
-0.0243674
-0.0410061
-0.0329865
-0.00696107
0.00493651
0.0137993
0.00660039
0.0240999
-0.0594419

1.62414
-0.461621
-0.187859
-0.0891718
0.0942297
0.106337
-0.0990678
-0.0958592
0.0434559
0.116618
0.0797395
-0.152178

2.21711
-1.55569
0.418179
-0.525834
0.762658
-0.118196
-0.414716
0.0821094
0.06869
0.301108
-0.224432
-0.0241709

1.43081
-0.252803
-0.160766
-0.0657496
0.0366024
0.0453182
-0.052881
-0.0496431
-0.00265223
0.0670599
0.121285
-0.144158

1.24214
-0.122489
-0.0476941
-0.055663
-0.00247818
-0.00457488
-0.029854
-0.0377862
-0.00662181
0.0416093
0.0385692
-0.0523643

1.55322
-0.355936
-0.0720638
-0.201995
0.112619
0.0149787
-0.116217
-0.00768625
-0.0137889
0.0423494
0.156433
-0.130147

1.97272
-1.07212
0.27276
-0.463967
0.441642
-0.104967
-0.147533
0.119305
-0.147988
0.0307696
0.294054
-0.207512

1.52349
-0.3111
-0.105779
-0.153976
0.055661
-0.0104868
-0.0317416
0.0236803
-0.0105424
-0.0403409
0.0986585
-0.0557413

1.20117
-0.0993531
-0.0032862
-0.0182534
-0.0775555
-0.0199213
-0.00716146
-0.0177311
-0.00108702
0.00250407
0.0310044
-0.0349242

1.75556
-0.844038
0.325843
-0.520539
0.355964
0.0413295
-0.180979
-0.0650604
-0.0168855
0.18212
0.0924474
-0.152882

1.82361
-0.975393
0.473087
-0.751955
0.588712
-0.0491544
-0.135365
-0.141792
-0.0458196
0.334828
-0.0147552
-0.131698

1.4394
-0.311386
-0.08009
-0.108757
0.0227029
0.0857616
-0.0191013
-0.175853
0.00619957
0.154537
0.00857079
-0.0592242

1.44407
-0.41655
0.0673592
-0.218055
0.103789
0.00118514
-0.0148126
-0.0150557
-0.169917
0.075233
0.206835
-0.104615

1.4216
-0.378608
0.0422451
-0.14114
0.0138931
0.0465444
-0.0834062
-0.081975
-0.00372227
0.0772328
0.0996371
-0.0573316

1.9856
-1.43758
0.987428
-1.07171
0.740016
-0.212906
-0.000644161
-0.104323
-0.155207
0.350666
-0.0135752
-0.093823

1.54005
-0.538896
0.108703
-0.20072
0.0562721
0.0505912
-0.108029
-0.0162464
-0.0521691
0.0329353
0.207432
-0.120253

1.40177
-0.352595
-0.0119534
-0.0231439
-0.0436157
-0.0222731
-0.0743073
0.0296669
-0.0274281
0.0370767
0.0719399
-0.0403849

1.26395
-0.199872
0.143238
-0.204643
-0.0343472
-0.000605328
-0.0983759
-0.00324553
-0.0142212
0.0534948
0.055205
-0.0148822

1.71931
-0.941491
0.735404
-0.981707
0.699312
-0.327038
0.134713
-0.242308
-0.00256042
0.227161
0.0130684
-0.0640836

1.54296
-0.578769
0.361733
-0.580464
0.303853
-0.0251122
-0.088603
-0.0568158
-0.105709
0.184606
0.0814031
-0.0754968

1.12579
-0.0940727
0.222876
-0.313499
0.0183522
0.0266799
-0.121526
0.0149775
-0.0615616
0.0792209
0.00066679
0.035923

1.19013
-0.121831
0.289563
-0.49062
0.204129
-0.134635
-0.0625724
0.130788
-0.151788
0.125101
0.0336201
-0.0485551

1.4297
-0.523251
0.845002
-1.27126
0.87471
-0.718022
0.480274
-0.336373
0.191451
0.0398693
0.036978
-0.0733695

1.18162
-0.0420668
0.187479
-0.461024
0.183041
-0.0748471
-0.0861997
0.0777655
-0.0893521
0.0944655
0.0574023
-0.0625897

1.27695
-0.215783
0.174979
-0.272871
0.18943
-0.235538
-0.0432013
0.0856991
-0.133068
0.204099
0.0217738
-0.0821164

1.32229
-0.16077
0.0580296
-0.26786
0.162642
-0.162251
-0.130798
0.141184
-0.114419
0.137413
0.109436
-0.121271

1.60096
-0.709393
0.692344
-0.958895
0.789036
-0.736345
0.29277
-0.188556
0.129794
0.0938537
0.176724
-0.200714

1.26822
-0.0972255
0.00564598
-0.247054
0.191672
-0.141575
-0.130169
0.105675
-0.106181
0.0800618
0.169248
-0.130228

1.25419
-0.128505
0.0431615
-0.227005
0.133121
-0.0703717
-0.110515
-0.00407294
0.0790033
0.0394725
-0.0157246
-0.0289721

1.28765
-0.310529
0.398294
-0.637055
0.44618
-0.159467
-0.0833885
0.0805335
-0.109203
0.0280437
0.0918998
-0.0615918

1.48109
-0.643893
0.706364
-1.06849
0.915851
-0.471011
0.097898
-0.08637
0.0205773
0.0492687
-0.0136797
-0.0102679

1.35348
-0.425229
0.502388
-0.802876
0.624114
-0.217569
-0.0662676
0.0140764
-0.0496325
0.0450501
0.0174648
-0.0200728

1.20046
-0.227676
0.481739
-0.7139
0.327547
-0.116821
-0.00684077
0.167905
-0.173337
0.0556651
-0.101151
0.0793895

1.30213
-0.452974
0.566146
-0.647589
0.400364
-0.287989
0.0327198
0.15348
-0.237451
0.144339
0.010552
-0.00673708

1.47492
-0.830892
1.04156
-1.19734
0.917548
-0.784725
0.505225
-0.188379
3.46105e-005
-0.00606875
0.0481207
0.000435807

1.46535
-0.780018
0.926158
-1.05364
0.769982
-0.623283
0.352178
-0.0429257
-0.139727
0.0871395
0.015015
0.00301266

