48
40
105
98
164
135
75
86
122
314
279
256
245
40
-73
-189
-200
-155
-80
31
129
119
43
21
-79
-99
17
50
144
62
42
3
3
65
213
207
201
122
-76
-208
-221
-93
116
257
248
271
126
33
22
19
-15
-41
-38
-29
29
70
25
-33
-13
-26
-18
-32
-51
-52
-62
-4
66
184
258
182
68
-67
-225
-299
-230
-208
-91
-111
-73
-73
-39
40
60
117
118
122
72
64
23
119
90
104
145
180
101
44
8
-36
12
43
44
77
148
139
198
184
52
32
-21
-52
36
64
128
99
160
163
257
340
334
270
144
119
57
169
177
262
303
218
155
66
110
133
88
28
-28
-23
138
213
215
184
161
93
114
158
158
73
92
107
158
228
127
-71
-250
-275
-248
-239
-191
-152
-155
-134
-98
-99
-164
-203
-199
-149
-263
-250
-182
-197
-154
-92
-58
88
102
51
-43
-203
-240
-289
-171
-75
-45
-98
-77
-36
-89
-87
-56
-77
-51
27
103
191
233
249
181
98
-5
-56
-161
-100
-23
71
256
301
302
295
234
239
192
170
209
142
171
151
196
136
95
118
118
-14
-93
-79
-67
29
144
143
178
143
156
97
52
30
-51
-36
-59
-4
23
84
178
252
236
187
249
243
228
293
276
343
394
324
328
297
239
302
291
284
308
362
363
456
373
360
394
329
290
142
121
89
99
142
197
299
352
261
317
319
290
281
301
402
343
371
367
263
254
300
363
357
305
298
256
205
90
-69
-3
53
229
336
361
347
366
447
419
403
342
259
258
256
243
338
288
255
179
153
196
135
138
135
117
100
68
37
128
98
155
129
-11
-59
-215
-230
-164
-43
-8
33
91
61
46
-41
-76
-81
38
133
205
157
61
-45
-56
-59
-36
88
58
87
-24
-69
-111
-67
96
96
50
60
90
109
-31
-130
-163
-226
-254
-265
-236
-216
-258
-295
-269
-171
-103
-147
-73
-63
-38
40
86
114
20
-25
-55
-60
-42
-35
-17
-3
-2
125
149
196
36
-32
-81
-201
-63
-14
20
-95
-95
-131
-83
60
114
109
62
16
-43
-44
-110
-51
0
-74
173
253
127
90
-81
-170
-55
55
128
160
96
5
-34
-35
19
155
181
123
18
11
-93
-108
-211
-153
-66
-118
-123
-145
-114
-211
-251
-274
-244
-329
-274
-230
-191
-191
-219
-191
-171
-161
-178
-113
-126
-153
-161
-306
-353
-367
-399
-284
-158
-41
-27
-64
-109
-297
-409
-405
-402
-309
-215
-238
-248
-228
-161
-122
-23
44
89
-23
-146
-302
-374
-321
-151
89
276
270
217
1
-77
-89
-161
-203
-128
-24
6
-31
-143
-198
-244
-185
-286
-290
-361
-269
-175
-168
-187
-189
-149
-130
-109
-34
23
82
75
65
22
-14
-72
-105
-77
-45
-22
-3
21
-138
-96
27
119
172
141
118
25
1
96
210
209
205
228
182
239
272
221
214
155
182
173
212
268
288
266
259
288
348
387
355
388
307
299
344
438
478
535
467
460
481
420
469
490
520
523
487
486
550
532
526
495
512
444
421
369
274
310
340
412
357
402
406
473
537
510
472
379
373
303
296
235
73
63
99
181
177
107
8
-36
-22
-1
3
-36
10
-82
-94
-58
15
16
132
191
192
153
166
189
107
115
61
85
166
285
261
274
156
-29
-19
34
108
188
305
400
404
369
281
171
111
117
232
304
438
523
475
339
256
227
153
180
333
376
397
314
247
226
165
187
242
314
338
195
156
54
-57
-159
-181
-210
-250
-174
-294
-485
-545
-556
-598
-651
-750
-865
-967
-1026
-1082
-1031
-1023
-1082
-1031
-1062
-1085
-1032
-898
-852
-827
-735
-628
-454
-350
-236
-146
-118
-160
-106
78
101
205
285
325
405
533
660
582
483
470
447
429
501
563
581
557
454
421
389
246
324
411
470
483
436
356
390
327
274
407
412
512
517
415
258
192
121
95
124
81
1
-79
-217
-294
-377
-477
-537
-618
-755
-907
-1045
-1253
-1430
-1473
-1422
-1498
-1458
-1511
-1606
-1498
-1354
-1205
-1114
-1074
-1014
-1043
-894
-705
-523
-346
-263
-184
-184
-126
44
253
443
593
712
786
836
864
812
803
891
889
877
838
790
729
715
742
781
630
526
473
273
127
-29
-15
6
117
191
286
365
310
224
239
157
213
301
361
459
486
636
665
736
795
833
906
1079
1157
1141
1147
999
921
943
1048
1135
1136
906
759
717
559
331
185
-10
-114
-263
-358
-354
-450
-554
-646
-750
-863
-894
-924
-860
-821
-816
-888
-879
-704
-577
-522
-459
-382
-180
-78
-83
39
132
231
242
219
349
472
483
530
727
739
636
591
731
868
833
768
678
588
358
340
438
469
486
375
338
235
39
57
106
183
114
20
12
175
294
379
424
358
442
492
538
638
767
878
1124
1227
1225
1266
1432
1536
1512
1295
1094
1215
1603
1600
1005
695
779
927
511
22
-97
29
-37
-408
-782
-947
-964
-1083
-1284
-1515
-1556
-1577
-1499
-1381
-1496
-1407
-1068
-697
-685
-758
-621
-302
-5
-57
-5
64
225
379
297
236
428
720
844
825
791
880
761
578
260
230
293
268
136
-264
-558
-627
-557
-738
-979
-1166
-1098
-1031
-1228
-1546
-1598
-1326
-1239
-1513
-1640
-1354
-891
-814
-1138
-1005
-676
-303
-244
-211
-11
226
420
436
490
717
1013
1251
1420
1501
1603
1658
1702
1621
1647
1725
1938
1851
1701
1717
1754
1541
914
664
956
1230
842
216
280
700
573
-174
-824
-801
-511
-676
-1109
-1281
-1264
-1329
-1608
-1951
-2030
-1980
-1657
-1439
-1346
-1143
-863
-465
-594
-947
-1029
-544
-37
216
271
380
535
410
240
225
408
614
468
203
298
424
318
-118
-335
-138
-63
-119
-203
-258
-395
-604
-787
-765
-808
-955
-887
-619
-662
-822
-970
-884
-799
-974
-882
-464
58
180
113
162
373
651
834
1035
1222
1421
1620
1688
1590
1595
1740
1953
2139
2234
2340
2506
2557
2463
2130
1952
2007
2160
2238
1993
1697
1295
1204
1279
1145
611
222
318
453
125
-679
-1022
-824
-711
-855
-1160
-1467
-1461
-1506
-1743
-1952
-2038
-1947
-1600
-1112
-1168
-1254
-957
-438
-298
-630
-585
16
635
705
511
453
725
1022
935
656
752
1115
1352
1024
640
752
1079
1182
661
331
591
897
710
187
-116
11
233
-138
-611
-809
-744
-842
-1277
-1536
-1323
-839
-715
-932
-1136
-952
-483
-309
-468
-569
-120
335
332
289
570
981
1148
1077
1124
1452
1761
1923
1843
1872
2164
2383
2386
2236
2113
2134
2292
2377
2296
2211
1960
1734
1517
1252
1169
1362
1562
1233
509
215
468
464
-318
-1116
-938
-583
-679
-1201
-1526
-1539
-1742
-2200
-2352
-2178
-2059
-2024
-1942
-1703
-1649
-1610
-1271
-892
-815
-934
-754
-173
217
217
49
-88
115
294
226
182
240
417
545
430
256
51
18
34
-132
-300
-261
-20
81
-271
-768
-1010
-934
-929
-1074
-1246
-1144
-1082
-1307
-1579
-1700
-1391
-1160
-1232
-1193
-703
-198
-6
-112
-142
103
362
387
509
918
1274
1219
951
936
1279
1582
1462
1309
1482
1808
1896
1783
1531
1446
1643
1827
1881
1669
1605
1704
1619
1175
651
667
1001
1252
705
114
297
810
570
-395
-999
-847
-538
-790
-1321
-1539
-1554
-1848
-2259
-2430
-2387
-2423
-2362
-2202
-2059
-1974
-1853
-1466
-1168
-1302
-1255
-826
-205
107
46
54
18
79
119
126
226
517
922
1199
1184
905
782
878
942
830
710
690
696
640
352
-96
-367
-281
-391
-818
-1041
-995
-874
-1157
-1552
-1475
-1250
-1236
-1500
-1407
-836
-544
-655
-790
-717
-367
-317
-254
234
748
1001
1033
1067
1234
1279
1430
1619
1806
1928
2073
2171
2060
2089
2200
2335
2434
2396
2214
2188
2311
2106
1431
831
1001
1426
1285
768
607
744
456
-424
-1101
-1031
-921
-1119
-1388
-1438
-1457
-1920
-2482
-2724
-2628
-2569
-2517
-2090
-1756
-1451
-1364
-1284
-1124
-1153
-953
-417
192
589
673
794
858
719
614
716
1022
1269
1304
1270
1359
1260
1008
675
643
815
653
381
225
180
-183
-635
-917
-977
-1046
-1106
-1188
-1227
-1448
-1745
-2021
-2111
-1989
-1843
-1794
-1543
-1076
-805
-740
-955
-919
-340
407
814
833
1052
1484
1829
1814
1725
2001
2275
2448
2337
2401
2608
2852
2674
2300
2191
2463
2774
2749
2390
2128
2095
1780
1149
719
844
897
573
233
75
-137
-641
-1309
-1477
-1469
-1455
-1441
-1563
-1711
-2062
-2444
-2776
-2999
-2994
-3012
-2738
-2368
-2260
-2078
-1910
-1756
-1767
-1681
-1140
-467
-142
-40
198
282
170
-24
-118
233
670
826
686
645
911
873
547
267
434
607
400
163
24
-184
-591
-1013
-1263
-1396
-1313
-1234
-1079
-1024
-1219
-1379
-1602
-1665
-1640
-1418
-1088
-910
-753
-451
-194
-54
-10
144
653
1256
1559
1708
1949
2156
2472
2522
2482
2741
3104
3148
2954
2730
2713
2751
2624
2590
2637
2810
2599
2180
1712
1223
917
615
735
870
556
28
-469
-1038
-1783
-2306
-2347
-2146
-2081
-2255
-2169
-1913
-1847
-2239
-2782
-3048
-2863
-2374
-2021
-1664
-1475
-1546
-1579
-1421
-1038
-384
253
716
743
641
754
1128
1351
1290
1111
1036
1380
1500
1255
719
337
-6
-461
-635
-479
-353
-800
-1479
-1849
-2079
-2227
-2110
-1948
-1954
-2020
-1672
-1242
-1073
-994
-1034
-640
157
904
1387
1615
1671
1658
1795
2324
2662
2607
2521
2483
2546
2582
2717
2580
2244
2133
2398
2560
2358
2123
2224
2763
3293
3539
3659
3840
3908
3286
2011
432
-348
250
1454
1894
799
-1412
-3562
-4350
-3918
-3526
-4354
-5696
-5999
-4808
-3229
-2502
-3114
-4173
-4626
-3487
-1148
954
1757
921
-14
341
1955
3426
3628
2784
1969
1836
2479
2988
2110
189
-1514
-1650
-600
256
-177
-1974
-3691
-4020
-3075
-1808
-1330
-1782
-2189
-1805
-920
-369
-792
-1571
-1677
-882
616
1681
1383
-252
-1809
-2126
-1428
-391
440
638
281
-441
-919
-899
-478
-156
61
668
1554
2007
1566
871
822
1457
2466
3385
3601
3071
2394
2186
2344
2657
3074
3635
3887
3637
3135
2865
2951
3179
3498
3311
1724
-856
-2316
-1207
1007
1605
-143
-2926
-4588
-4370
-3466
-3507
-4843
-6015
-5669
-3677
-1499
-1042
-2390
-3843
-3630
-1613
1092
2776
2696
1131
111
1093
3121
4221
3652
2094
870
1095
1875
1702
-42
-2012
-2868
-2304
-1331
-1251
-2423
-3885
-4688
-3818
-1898
-368
-38
-868
-1058
146
2270
3400
2541
492
-442
667
2464
2905
1591
-335
-1728
-1588
-721
-276
-1038
-2109
-2479
-2006
-1228
-810
-610
-387
183
816
1449
1932
2208
2178
2404
3408
4517
4911
4349
3613
3210
3248
3566
3504
2863
2318
2481
2753
2421
1643
1352
1887
2329
1194
-1568
-3699
-2943
12
2112
1398
-1338
-3616
-3891
-2908
-2277
-3139
-4677
-5076
-3441
-1066
-283
-1792
-4034
-4628
-3114
-413
1542
1622
239
-1156
-797
1205
3007
2754
1054
-404
-227
798
1072
92
-1453
-2189
-1635
-596
-213
-930
-2158
-2911
-2367
-569
1196
1654
954
351
973
2729
4314
4070
1825
-446
-773
812
2067
1353
-618
-2453
-3192
-2684
-1857
-1845
-2757
-3441
-3134
-1871
-547
132
61
-5
580
1695
2893
3470
3213
2651
2884
4163
5003
4646
3694
2883
2694
2792
2708
2422
2166
2182
2383
2438
2215
1676
1286
1411
1142
-666
-2679
-2214
787
3176
2081
-1154
-3397
-3434
-2351
-2084
-3461
-5509
-6284
-4848
-2182
-1112
-2750
-5273
-5936
-4199
-1724
61
629
-124
-1208
-1047
955
3078
3308
1826
361
441
1609
1983
745
-1267
-2372
-1481
295
943
-229
-1934
-2684
-1872
-220
1234
1744
1620
1006
789
1787
3377
3978
2654
819
41
497
740
52
-1142
-2088
-2295
-1874
-1693
-2028
-2414
-2493
-2500
-2439
-1887
-360
1510
2262
1785
1203
1493
2462
2821
2752
2634
3044
3593
3786
3202
2204
1583
1702
1997
1793
1607
1879
2807
3164
2676
2207
2580
3348
3200
1158
-1442
-1577
1362
4465
4306
932
-2556
-3156
-1309
-38
-1671
-5250
-7445
-6358
-3139
-1099
-2130
-4988
-6626
-5712
-3165
-646
450
111
-977
-1283
143
2441
3607
2449
743
390
1399
2046
908
-1259
-2745
-2371
-825
254
-139
-1577
-3061
-3327
-1986
148
1803
2040
1346
839
1765
3485
4220
3046
1257
738
1100
814
-261
-1161
-1928
-2405
-2113
-1822
-2285
-3037
-3021
-2560
-2521
-2413
-1504
175
1741
1817
1024
1154
2127
2684
2470
2522
2889
3074
3347
3620
3392
2582
1900
2026
2551
2552
2575
3210
4029
3951
3006
2730
3475
4484
4393
2317
-550
-1639
697
4094
4897
1923
-1992
-3231
-1978
-837
-2386
-5697
-8003
-7520
-4746
-2280
-2199
-5009
-7862
-7794
-4651
-960
708
197
-1377
-1915
-370
2178
3642
2952
1142
236
712
1479
954
-910
-2524
-2615
-1401
-221
-508
-2028
-3391
-3424
-1957
109
1519
1621
881
666
1727
3352
4419
3678
1848
443
633
1467
963
-716
-2243
-2427
-1859
-1718
-2141
-3009
-3389
-3102
-2220
-1376
-950
-944
-765
77
1245
2229
2642
2679
1955
1359
1961
3386
4273
3764
2936
2514
2310
1646
951
996
1671
2530
2608
1982
916
409
1169
2933
4382
4039
1395
-1762
-2636
-213
3271
4571
2765
-367
-2296
-2310
-1854
-2705
-4673
-6239
-5714
-3154
-1299
-2398
-5666
-7767
-6568
-2918
130
699
-470
-1621
-1218
741
3326
4486
3597
1738
469
127
331
640
482
-407
-1388
-1676
-1223
-658
-1082
-2189
-2506
-1133
719
1417
706
-41
485
2308
4316
5210
3876
1102
-848
-138
2220
3508
2267
-561
-2875
-3646
-2925
-1780
-1378
-1624
-1615
-1177
-876
-1072
-1508
-1427
-32
2212
3935
4105
2693
1035
624
2169
4408
5248
4405
3037
2054
1478
1213
1259
1785
2422
2344
1439
381
-279
-114
942
2577
3989
4474
3083
-307
-3442
-3116
1338
6179
7008
2948
-2357
-4699
-3573
-1466
-856
-1947
-3898
-5227
-4973
-3872
-3687
-4813
-5550
-4961
-3327
-1744
-684
-199
16
433
1649
3573
4637
3481
716
-940
213
2794
3779
1824
-1690
-4010
-3582
-1599
-327
-933
-2236
-2674
-2040
-1439
-1482
-1506
-559
1460
3126
3568
2367
-310
-2346
-1768
1631
4893
5177
2245
-1351
-3212
-3195
-2461
-1441
259
1711
1453
-604
-2809
-3492
-1868
1152
3490
3389
1200
-668
-847
610
2349
3368
3630
3308
2201
799
-73
-275
108
869
2183
2674
1425
-784
-2172
-1643
367
2493
3669
3686
2915
2061
1466
496
-625
-195
2279
4483
3659
-185
-3718
-4304
-2370
-501
-1115
-3930
-7250
-8362
-6583
-3733
-2941
-4548
-6081
-5928
-4218
-2240
-230
1367
2191
1962
1785
2506
3353
3375
2624
2459
3184
3714
2490
-336
-2883
-3626
-2586
-1104
-649
-1500
-2883
-4255
-5085
-4552
-2432
318
2201
2005
507
-184
448
1461
2233
2814
3920
5037
4896
2884
167
-1410
-1027
443
1722
2205
1215
-890
-2949
-3103
-1704
-86
575
148
-225
-340
-433
-510
-63
1015
2264
3288
3387
2291
804
248
925
2170
2880
2562
1530
633
387
365
335
456
941
1955
3096
3594
3228
2152
143
-2367
-3651
-1947
1676
3850
2629
-849
-4060
-4817
-3339
-1893
-2503
-5129
-7262
-6766
-3994
-1562
-1927
-4130
-5261
-4032
-1521
963
2632
2905
2193
1745
2707
4591
5784
5204
3563
2365
2105
2058
1462
396
-1036
-2402
-3152
-3012
-2459
-2469
-3369
-4656
-4837
-3210
-694
1107
1483
1491
2167
3523
4198
3402
2373
3128
5434
7100
6228
3120
-64
-1346
-644
427
552
-146
-1286
-2824
-4298
-4817
-4062
-2585
-972
-85
-86
-399
-457
-128
356
1088
2561
4484
5568
4462
1915
-86
242
1889
2946
2965
1968
537
-1274
-2848
-3572
-2830
-1085
738
1372
654
-658
-1354
-923
-678
-1417
-1985
-460
2353
3575
1589
-1654
-3517
-3038
-1441
-1034
-2556
-5182
-6810
-6295
-3810
-1347
-1020
-2813
-4833
-5027
-2761
1009
4099
4836
3639
2572
2819
4140
4829
4417
3716
3407
3455
2820
836
-1836
-4182
-5062
-4457
-3276
-2512
-3180
-4832
-6472
-6487
-4285
-794
2305
3512
2891
1839
1719
2512
3381
4253
5412
6396
6023
3942
1293
-937
-2163
-2164
-1371
-551
-703
-2018
-4304
-6637
-7243
-5169
-1934
285
393
-589
-1306
-1096
9
1520
3050
4230
4631
4009
2740
1074
-328
-850
-567
-144
-135
-1055
-2731
-4749
-6131
-5904
-4170
-1933
-554
-132
-417
-584
-137
549
638
-255
-784
698
3353
4716
3707
1295
-868
-2003
-2138
-2114
-2718
-4441
-6346
-6534
-4438
-1765
-963
-2390
-4346
-4413
-1926
2455
6219
7304
5732
3818
3853
5505
6898
6788
5431
3909
2738
1569
-121
-2532
-5096
-6744
-6394
-4539
-3339
-4093
-6198
-7300
-6021
-2841
801
3541
4630
4153
3547
3851
5074
6334
7137
7704
7554
6061
3607
992
-757
-1648
-1933
-1996
-2666
-3696
-4682
-5307
-5915
-5937
-4825
-3094
-1287
111
809
674
298
538
1996
4136
5673
5376
3533
1531
58
-657
-773
-805
-1213
-2016
-2839
-3693
-4751
-5776
-6190
-5490
-3720
-1296
663
1470
1397
1447
2150
3240
3433
2364
1609
2863
5189
5983
4287
1180
-1224
-2695
-3391
-3234
-2819
-3310
-4802
-5932
-4709
-1966
-142
1
-743
-814
401
2722
5464
7420
7787
6437
4337
3316
3525
3822
3457
2485
1067
-854
-2817
-4953
-7015
-7769
-6681
-4650
-3342
-3450
-4162
-3958
-2484
-459
1612
4196
6859
8406
8131
6652
5335
5022
5547
6422
6702
5764
3075
-463
-3446
-4857
-4500
-3499
-3238
-4415
-6039
-6803
-6316
-5291
-4164
-2878
-1083
951
2314
2593
1802
1095
1669
3163
4540
4743
3661
1912
79
-1660
-3152
-3734
-3509
-3041
-3385
-4611
-5994
-6682
-6270
-5171
-3594
-1792
-243
837
1521
2485
3953
5907
7745
8193
6628
3941
2343
3252
5679
6799
5145
1931
-802
-2475
-3174
-3591
-4248
-5080
-5225
-4186
-2398
-1144
-1287
-2067
-2338
-1652
-43
2276
5041
6968
6696
5145
3529
2632
2484
2806
3426
3329
1439
-2062
-5159
-6049
-4932
-3528
-3113
-3581
-4031
-3850
-2831
-1220
72
851
1486
2910
5024
6788
7251
6226
4430
2969
2387
2882
3417
2601
192
-2127
-3763
-5245
-6398
-6458
-5225
-4209
-4547
-5705
-5674
-4006
-2145
-934
-396
18
694
1773
2833
3101
2147
590
-756
-1224
-761
-61
-275
-2044
-4874
-7021
-7057
-5512
-4376
-4605
-5135
-4951
-3581
-2005
-850
-41
1054
2989
5604
7941
9336
9440
8745
8405
8221
7634
6217
4602
3686
3636
3191
1367
-1145
-3469
-5369
-6603
-7036
-6756
-6718
-7375
-7673
-6368
-3172
334
2218
2041
901
291
1657
4770
7951
9172
7786
5067
2620
1318
1162
1199
309
-1324
-3044
-3925
-4140
-4750
-6158
-7409
-6731
-3960
-824
1115
1792
1807
1602
1308
1613
3361
6482
9296
9815
7452
3120
-802
-2419
-1502
558
1765
821
-1837
-4951
-7402
-8269
-7141
-4421
-2284
-1919
-2864
-3414
-2718
-1624
-762
-288
363
1358
2283
2552
1828
285
-1318
-2241
-1607
-111
727
-101
-2187
-4408
-5369
-4489
-2840
-1163
106
908
1000
697
684
1457
2867
4228
5335
6078
6835
7081
6688
6101
5745
5336
4796
4656
4444
2852
83
-2243
-2994
-2289
-1454
-1278
-1507
-2183
-3584
-5312
-6266
-5769
-4296
-2315
-7
1955
2490
1465
-257
-1345
-1541
-790
913
3241
4908
4581
2787
507
-1392
-2479
-2176
-291
2342
3896
2922
350
-1277
-1396
-784
-27
1203
2632
3418
3052
1764
433
-759
-1444
-1339
248
2727
4075
2947
-420
-3966
-5277
-4044
-1612
376
1114
679
-817
-2970
-4740
-4995
-3498
-997
742
1354
843
-458
-2296
-3861
-3976
-2455
-276
1084
1267
428
-889
-2251
-3109
-2708
-599
1869
3003
2383
694
-754
-1046
-540
374
1446
1981
1932
1202
438
37
124
459
781
1217
1790
2393
2599
2247
1802
1629
1693
2182
3057
3920
3781
2875
1788
854
49
-626
-850
-717
-665
-887
-1639
-2675
-3647
-4158
-4035
-3690
-3533
-3276
-2189
-437
612
285
-128
602
1967
2688
2921
3531
4595
5096
4332
3203
2528
2223
1944
1626
1485
1251
526
-796
-2004
-2890
-3617
-4100
-4212
-3896
-3210
-2404
-1692
-1313
-1425
-1531
-1235
-530
347
1331
2259
2946
2782
1847
916
540
809
1241
1536
1277
328
-1035
-2021
-2420
-2437
-2308
-1976
-1834
-1982
-2137
-1561
-184
1122
1332
375
-329
205
1672
2719
2688
2024
1341
850
436
-106
-713
-922
-923
-1300
-1899
-2357
-2744
-3054
-3051
-2590
-1923
-998
-54
522
673
470
464
1169
2396
3199
3574
4008
4163
3760
3160
2423
2212
2523
2986
2700
1244
-594
-2090
-2410
-1810
-1017
-760
-634
-205
14
-289
-666
-901
-1292
-2122
-2376
-1224
1211
3699
4349
3162
877
-1052
-1755
-1139
348
1436
1536
1042
503
-109
-959
-2113
-2818
-2756
-1867
-548
396
467
-509
-1906
-3241
-3929
-3434
-1819
149
1324
1410
1002
665
598
740
876
1481
2455
2844
2377
1498
574
-70
-197
-91
-218
-419
-556
-765
-1057
-1320
-1292
-1010
-418
64
-9
-473
-896
-1041
-1027
-1098
-1315
-1313
-1017
-891
-1564
-2518
-2673
-1644
-321
353
-108
-1098
-1579
-1169
-359
655
1668
2173
1887
1154
387
-129
-158
-162
-50
551
1425
1403
336
-1158
-2043
-1773
-440
1416
2593
3020
2854
2377
1904
1866
2317
3389
4825
5873
5515
3768
1656
86
-621
-459
197
1072
1523
779
-777
-2425
-3397
-4004
-4200
-3848
-3126
-2083
-814
432
697
-258
-1617
-2245
-1680
-45
1841
3242
4468
5038
4548
3274
2008
1328
1043
1022
1370
1857
1644
678
-694
-1879
-2639
-3159
-3307
-3466
-3078
-1852
-57
1580
2193
1852
1110
602
728
1276
2083
3038
3503
3115
2229
1440
370
-1223
-2906
-3880
-3728
-2703
-1682
-1627
-2684
-4065
-5015
-5002
-3722
-1926
-598
-320
-568
-680
-260
217
337
-111
-500
-618
-291
562
1055
547
-550
-1412
-1569
-862
89
656
505
-272
-972
-1177
-707
43
567
777
780
833
1407
2129
2481
2046
1173
759
1393
2541
3314
3146
2294
1551
1334
1453
1418
1282
879
546
224
-121
-196
-145
-497
-785
-590
11
434
409
192
340
1193
2231
2529
1346
-424
-1394
-1173
-312
394
839
1050
486
-720
-2169
-3110
-3347
-2733
-1733
-636
208
600
368
-378
-953
-1262
-883
-229
541
1126
1320
1213
731
-157
-1152
-1554
-1242
-475
221
330
-176
-1050
-1835
-2094
-1498
-583
-158
-593
-1392
-2065
-1951
-1237
-642
-554
-1084
-1582
-1759
-1548
-1288
-1261
-1139
-830
-736
-917
-1192
-1231
-1143
-1344
-1835
-2089
-1385
-40
1179
1454
675
-404
-932
-211
1329
2785
3445
3178
2464
1783
1594
1856
2181
1955
1248
568
174
168
44
-259
-947
-1809
-2413
-2556
-2193
-1610
-1191
-964
-576
-148
320
930
1414
1854
1693
1408
1807
2584
3042
2859
2138
1431
1177
1333
1398
1051
479
-191
-448
-258
141
429
606
636
477
40
-215
36
680
1499
2026
2046
1474
534
-231
-330
107
958
1524
1205
13
-1444
-2321
-2350
-1782
-1046
-495
-192
-249
-866
-1804
-2460
-2327
-1403
-65
1121
1627
1236
340
-622
-1032
-675
425
1922
2883
2344
403
-1730
-2680
-1934
-137
1226
1259
499
-705
-1489
-1611
-1093
-161
709
1323
1455
976
434
133
196
594
1104
1284
1005
149
-723
-1175
-1108
-567
-257
-448
-1281
-2426
-3176
-3191
-2445
-1588
-1161
-1070
-975
-774
-784
-930
-1000
-625
307
1123
1414
1198
528
-175
-415
-167
175
173
-104
-409
-709
-1198
-1711
-1704
-910
325
997
796
69
-391
-289
481
1584
2237
2198
1523
978
786
1021
1390
1544
1424
1130
670
236
-78
-351
-759
-1034
-1319
-1540
-1569
-1417
-1175
-1097
-1514
-2249
-2484
-1888
-856
62
416
235
-259
-777
-914
-507
392
1240
1502
1015
292
242
829
1609
2021
1760
1075
858
1426
2082
2325
1733
575
-459
-856
-542
147
819
839
-426
-2174
-3216
-3140
-2389
-1891
-2202
-2722
-2964
-2925
-2835
-2734
-2568
-2327
-2149
-1851
-1670
-1555
-1359
-1277
-1333
-1263
-903
-703
-645
-833
-1259
-1759
-1775
-1355
-895
-718
-1073
-1919
-2433
-2236
-1602
-751
-91
320
528
526
150
-175
106
887
1866
2481
2286
1288
231
-493
-483
177
957
1327
971
209
-323
-456
-190
244
519
1028
1506
1616
1157
595
487
794
1081
1271
1633
1950
1551
364
-656
-845
-355
-90
-214
-506
-890
-1095
-782
-221
495
1081
1187
1252
1415
1949
2720
3238
3244
2999
2652
2383
2182
2216
2425
2329
1830
885
-187
-970
-1339
-1375
-1253
-1361
-1848
-2516
-2940
-3152
-3026
-2569
-1909
-1294
-1007
-1214
-1498
-1247
-746
-163
124
256
354
346
182
-68
-605
-1291
-1550
-1241
-793
-557
-844
-1414
-1822
-2088
-2010
-1228
-198
574
605
231
140
715
1638
2167
1991
1418
971
802
958
1259
1595
1580
820
-461
-1495
-1579
-948
-546
-799
-1309
-1684
-1977
-2004
-1869
-1549
-1008
-407
30
486
792
1000
1228
1485
1650
1430
1155
1110
1353
1615
1473
1093
581
219
459
1045
1197
678
-197
-585
-36
911
1541
1334
864
594
648
886
1115
1237
1352
1228
926
614
299
-178
-784
-1154
-1356
-1415
-1524
-1712
-1908
-2003
-2257
-2594
-2883
-2816
-2438
-1887
-1195
-789
-722
-898
-736
-311
-35
29
234
569
653
190
-672
-1244
-1374
-1291
-1192
-1006
-891
-1050
-1542
-2009
-1947
-1409
-555
156
660
692
269
-209
-210
558
1735
2709
2612
1732
452
-477
-661
-424
68
400
617
423
-305
-1222
-2084
-2317
-1768
-673
478
1149
1155
511
-519
-1145
-880
145
1505
2500
2371
1356
126
-768
-947
-278
711
1529
1855
1718
1075
48
-944
-1132
-375
713
1587
1510
536
-591
-973
-594
147
839
1388
1399
1055
531
94
-15
4
-60
-180
-182
-113
-36
-268
-1008
-1862
-2229
-2295
-2060
-1764
-1579
-1714
-1908
-2046
-2156
-1860
-1259
-508
46
312
376
97
-187
-233
-148
348
639
891
656
73
-479
-995
-936
-665
-378
-335
-475
-442
-498
-516
-537
-322
-20
281
140
-240
-384
-371
-171
34
291
491
654
524
-128
-684
-898
-813
-531
-194
251
187
-359
-968
-1344
-1397
-1107
-632
36
522
388
-281
-669
-256
522
1356
1826
1908
1675
1513
1479
1863
2224
1993
1468
903
867
1145
1322
1134
490
-20
-408
-632
-433
33
508
722
327
-296
-431
63
749
1041
850
708
923
1062
753
235
33
156
312
83
-396
-642
-611
-824
-1259
-1725
-1633
-1061
-671
-484
-701
-784
-819
-806
-360
420
1079
1201
917
297
-9
261
836
1172
1205
1140
935
754
349
31
52
156
-69
-531
-927
-925
-551
-161
-255
-587
-945
-1058
-695
-209
84
56
-123
-504
-597
-525
-260
-261
-497
-849
-1149
-937
-564
-319
-411
-939
-1302
-1402
-1230
-646
-132
-8
-349
-492
-251
339
938
1167
1205
728
155
102
381
864
1158
931
618
442
363
59
-258
-614
-947
-1235
-1130
-578
-125
-137
-694
-1328
-1560
-1229
-419
486
945
876
536
216
189
508
735
796
885
933
686
301
23
-204
-200
-211
-421
-752
-930
-784
-405
-127
-118
-399
-600
-228
414
844
1069
1125
1172
1297
1260
1106
912
721
558
540
549
510
190
-397
-785
-966
-859
-534
-201
-216
-577
-1069
-1115
-800
-418
-297
-548
-599
-436
-39
-84
-588
-1240
-1339
-893
-405
-366
-812
-1508
-2057
-2001
-1526
-782
-423
-533
-892
-1293
-1257
-996
-488
1
335
252
-106
-420
-548
-444
-321
-79
244
525
340
-151
-529
-700
-635
-585
-571
-472
-305
-218
-288
-669
-1046
-1224
-908
-307
-5
-95
-515
-1065
-1314
-1046
-493
145
561
556
272
229
382
650
1046
1314
1552
1574
1382
1267
1041
909
1055
1218
1309
1215
1111
1111
1034
911
778
691
834
878
820
825
667
443
234
212
299
418
461
448
447
420
428
398
194
-131
-154
32
213
257
-98
-527
-622
-656
-714
-939
-1309
-1448
-1227
-792
-553
-794
-1194
-1399
-1110
-246
533
467
-28
-478
-708
-610
-291
-58
-123
-426
-801
-941
-900
-876
-1128
-1459
-1577
-907
-117
157
-39
-611
-848
-825
-339
310
768
931
699
180
-207
-282
-121
269
344
104
-197
-253
-230
-285
-695
-1024
-783
-162
450
540
386
103
-190
-302
-6
701
1261
1451
1069
555
308
228
411
613
864
1066
859
279
-143
-194
48
279
463
676
1062
1199
999
449
194
500
935
1317
1174
784
368
211
140
-57
-342
-440
-371
-493
-767
-1452
-1994
-2156
-1922
-1373
-1040
-1076
-1353
-1487
-1393
-1006
-480
-166
-83
-93
27
118
96
103
26
-26
-31
-65
-151
-536
-1113
-1550
-1563
-1140
-932
-1045
-1289
-1267
-996
-601
-203
-58
121
344
480
619
737
859
1005
1125
1169
993
687
233
36
-95
-273
-438
-577
-509
-441
-449
-514
-460
-452
-434
-302
40
554
962
1067
941
885
1271
1740
1928
1887
1588
1171
1105
1205
1116
896
410
90
39
50
-7
-321
-631
-748
-842
-716
-385
-24
39
-40
-128
-110
93
214
357
539
489
178
-216
-612
-806
-743
-803
-895
-1152
-1387
-1507
-1561
-1470
-1432
-1590
-1547
-1265
-895
-450
-208
-284
-462
-411
6
205
131
-29
-48
64
169
175
-54
-181
-203
-285
-520
-703
-600
-320
-26
330
455
563
496
437
712
1164
1617
1715
1384
999
749
544
409
161
9
-140
-322
-535
-787
-778
-761
-690
-612
-423
-108
15
307
633
809
938
931
739
690
851
1191
1461
1595
1583
1262
925
588
471
350
182
-33
-247
-249
-46
-220
-589
-993
-1088
-681
-318
-19
-27
-126
-58
200
330
367
320
505
794
935
762
391
8
-264
-478
-545
-642
-803
-1291
-1893
-1959
-1703
-1444
-1503
-1794
-2014
-1772
-1258
-707
-566
-764
-1001
-927
-631
-474
-480
-535
-524
-204
91
180
194
31
-143
-173
-5
472
923
1172
1173
1088
1010
815
565
491
717
1022
1230
1084
724
198
-58
-92
-126
-302
-531
-526
-306
14
152
-113
-326
-408
-285
123
626
1243
1535
1350
910
581
560
823
1084
1064
711
284
15
-146
-291
-362
-383
-393
-502
-840
-1083
-1007
-589
-169
119
314
504
691
868
918
983
1263
1456
1437
1252
948
661
312
25
-186
-113
-79
-297
-679
-1018
-1137
-1045
-1045
-1028
-935
-935
-849
-774
-620
-318
120
418
344
265
96
12
0
10
94
230
203
-109
-412
-599
-516
-80
284
207
88
-37
-93
25
171
254
458
746
930
911
803
686
730
934
1098
1114
1040
1026
1041
1198
1065
816
478
292
240
303
414
407
381
431
486
575
717
794
753
679
703
719
790
687
308
13
-259
-424
-526
-621
-618
-886
-1341
-1736
-1800
-1590
-1183
-793
-494
-371
-445
-566
-404
73
588
938
920
878
630
319
90
-51
-263
-542
-610
-595
-833
-1367
-2002
-2264
-2170
-1776
-1500
-1324
-1357
-1395
-1311
-1090
-761
-305
52
242
348
209
183
319
568
659
453
146
29
57
-65
-351
-589
-760
-661
-402
-219
-310
-357
-406
-386
-199
163
823
1390
1599
1276
937
775
890
1066
1196
1232
1100
946
597
182
31
130
-23
-360
-517
-563
-491
-539
-964
-1142
-915
-490
-111
-41
-89
-110
15
286
556
757
791
689
546
313
341
429
411
193
-171
-433
-511
-450
-542
-727
-978
-1021
-975
-973
-858
-526
-154
51
22
-115
-228
-165
83
298
317
139
-16
25
39
4
-318
-812
-971
-916
-761
-845
-1171
-1474
-1716
-1757
-1613
-1231
-883
-646
-537
-555
-765
-693
-295
91
515
691
719
878
1115
1165
1121
1052
966
870
756
649
409
280
30
-217
-278
-295
-368
-375
-417
-444
-405
-361
-265
-69
212
497
715
678
585
563
746
1049
1333
1469
1498
1243
841
623
574
615
635
505
384
324
228
18
-164
-167
-128
15
24
109
311
430
382
201
241
497
748
928
902
869
822
707
703
723
708
821
972
952
725
405
408
424
366
408
465
483
184
-178
-448
-508
-513
-509
-719
-830
-731
-540
-485
-598
-748
-837
-837
-588
-302
-137
37
24
-52
-223
-198
70
411
559
612
629
747
860
562
259
29
190
391
497
523
305
-18
-380
-449
-297
61
301
101
-278
-578
-561
-292
-33
-35
-261
-294
-278
-190
-244
-448
-524
-644
-623
-559
-510
-695
-939
-1044
-960
-782
-548
-505
-706
-978
-1282
-1474
-1387
-1006
-631
-460
-412
-371
-258
-121
-70
35
73
175
266
347
338
346
255
209
242
162
136
209
299
226
90
118
155
275
410
493
410
324
39
-376
-595
-381
11
337
450
133
-319
-576
-415
-50
80
0
-77
-35
73
267
312
267
110
73
231
480
773
766
649
453
468
527
572
438
264
148
205
297
309
295
134
35
-105
-252
-275
-262
-168
-106
-175
-386
-575
-589
-508
-483
-553
-495
-367
-212
-185
-221
-350
-589
-662
-584
-471
-406
-431
-582
-828
-1038
-1029
-1074
-1187
-1404
-1665
-1800
-1789
-1601
-1468
-1499
-1565
-1475
-1150
-812
-603
-447
-345
-78
409
694
685
460
367
332
468
751
723
609
282
-6
-187
-242
-161
-100
-32
-102
-143
-11
157
343
453
481
648
898
915
814
907
1034
1233
1348
1216
1103
1133
1055
1001
934
982
1144
1121
910
585
502
402
401
581
809
979
969
734
634
570
771
1010
1245
1325
1356
1469
1522
1524
1307
1056
847
892
913
858
746
701
574
433
287
173
119
95
176
50
-19
-11
-2
278
595
799
801
603
230
-65
-105
49
208
133
10
-127
-155
-129
-131
-245
-416
-491
-529
-594
-654
-602
-506
-427
-308
-248
-343
-398
-487
-498
-319
-35
218
400
461
355
192
143
-15
81
307
513
860
768
450
30
-175
-183
-28
203
188
-9
-229
-259
-285
-294
-343
-323
-243
-147
-2
101
211
241
276
359
470
566
570
354
374
294
282
383
444
570
602
419
153
108
37
212
407
448
338
95
-172
-226
-60
208
405
401
151
-107
-299
-432
-350
-129
-16
-123
-389
-695
-805
-738
-581
-565
-505
-471
-504
-346
-202
-114
-23
44
158
254
259
172
-9
-140
-196
-173
-124
26
57
-71
-228
-496
-712
-729
-530
-124
14
-91
-247
-358
-229
9
147
253
462
582
507
508
519
538
785
883
892
876
754
572
459
257
222
272
332
245
57
-6
-59
16
2
-29
56
4
68
15
-39
77
192
207
73
44
94
225
306
178
-56
-73
74
152
129
-54
-292
-302
-126
12
87
115
-24
-303
-409
-400
-240
-52
44
-139
-479
-683
-748
-673
-438
-239
-236
-512
-680
-736
-744
-420
-187
-162
-200
-188
-116
-20
101
179
103
15
96
151
61
-13
-18
117
78
113
48
-108
-220
-389
-463
-299
38
438
600
508
250
45
50
286
620
973
1266
1409
1359
1182
914
794
802
852
955
848
783
614
455
376
380
427
457
387
255
97
68
294
467
418
502
613
647
879
989
952
900
869
955
1075
1024
855
605
409
296
323
368
233
105
-27
-77
-11
-23
-53
-55
-93
-126
-195
-245
-189
-122
101
223
291
161
-220
-419
-453
-431
-268
-283
-473
-540
-433
-337
-234
-277
-340
-290
-40
233
286
124
-10
42
160
434
632
534
214
-71
-252
-217
-172
-88
-95
-229
-440
-569
-657
-634
-473
-287
-109
42
43
56
349
566
776
883
846
867
836
777
876
917
887
836
663
480
266
53
-102
-225
-143
-139
-231
-180
-296
-546
-638
-391
-126
197
355
243
91
-100
-90
60
346
529
542
367
59
-169
-439
-346
-257
-263
-481
-687
-764
-925
-1052
-1115
-1163
-1172
-1165
-1243
-1138
-1024
-854
-704
-620
-667
-673
-559
-511
-409
-520
-584
-558
-505
-554
-838
-1029
-977
-769
-409
-212
-286
-382
-435
-408
-355
-160
-5
63
-28
-80
-149
-260
-216
-73
14
-44
-195
-381
-459
-410
-253
-64
72
-27
-64
-112
103
475
641
593
436
459
643
1045
1283
1196
1082
916
744
780
765
732
567
400
108
-142
-190
-160
-224
-427
-449
-327
-135
44
131
12
17
106
163
230
245
391
439
496
363
193
183
282
479
430
233
-1
-228
-258
-208
-155
-160
-208
-354
-420
-408
-355
-323
-319
-320
-380
-408
-441
-431
-471
-500
-467
-408
-415
-377
-486
-565
-564
-499
-534
-570
-581
-570
-452
-341
-386
-443
-414
-376
-99
35
152
138
67
13
53
122
70
10
4
21
97
214
205
237
161
336
361
356
345
433
563
652
747
753
882
990
1101
1297
1155
910
631
508
509
655
768
669
710
587
558
487
510
527
514
560
511
565
521
437
378
291
436
528
481
273
75
-36
77
173
241
249
242
90
-67
-101
-202
-40
105
253
249
151
142
196
190
222
238
141
47
-154
-195
-242
-124
-50
-124
-339
-590
-676
-791
-645
-626
-679
-721
-666
-560
-460
-453
-467
-426
-340
-230
-113
38
11
-202
-299
-404
-408
-392
-584
-596
-631
-649
-631
-680
-716
-703
-659
-550
-286
-158
-73
-5
71
210
269
334
417
545
633
706
769
647
656
685
498
348
174
-4
-23
-71
-159
-219
-291
-348
-320
-222
-164
-70
-24
52
263
378
332
213
321
301
320
438
324
242
122
73
-26
-149
-140
87
225
135
-34
-266
-453
-369
-225
0
148
231
267
268
239
241
390
520
528
468
433
483
535
612
515
372
364
383
278
101
-9
-35
-69
-43
65
134
106
-83
-203
-233
-58
96
198
247
-21
-269
-361
-295
-91
36
11
-40
-286
-399
-482
-441
-301
-75
42
22
-47
-151
-41
-16
32
136
307
483
551
376
176
37
55
194
303
330
304
258
82
10
-30
34
82
-73
-156
-220
-164
25
290
350
315
205
58
76
25
153
241
273
148
51
-9
-51
-52
-65
-117
-205
-266
-124
-60
-32
49
29
145
241
421
638
798
817
667
490
474
477
646
806
884
871
782
776
713
498
266
134
40
72
243
351
229
45
-211
-226
-89
48
105
43
41
59
271
319
200
63
153
314
457
580
552
338
166
104
148
235
262
319
213
189
294
388
514
564
438
376
385
456
487
513
484
496
496
529
563
484
420
381
391
432
474
429
322
184
105
-101
-232
-239
-262
-106
-50
-62
-108
-171
-230
-243
-281
-225
-73
-47
-149
-260
-313
-161
108
198
135
-89
-367
-515
-463
-446
-305
-22
119
257
237
121
27
0
45
239
443
459
429
387
201
215
240
295
349
339
217
104
-60
-193
-199
-210
-148
-42
24
-48
-187
-335
-318
-174
3
118
97
80
16
-35
-79
24
224
409
435
386
276
218
169
111
86
-15
-57
-101
-134
-96
-40
70
126
92
113
131
140
108
131
134
310
521
677
674
474
488
409
406
382
345
287
283
250
54
34
58
129
143
71
-131
-329
-548
-682
-678
-511
-294
-273
-335
-423
-499
-468
-312
-197
-56
14
86
193
68
37
87
154
240
281
270
290
364
327
289
236
194
197
173
103
93
108
154
245
285
356
281
90
-23
-32
24
112
165
151
75
-4
5
48
136
199
284
170
102
-20
-146
-197
-66
61
-92
-179
-315
-328
-304
-303
-248
-218
-166
-72
-89
-197
-220
-252
-165
-41
22
131
115
39
39
-27
63
42
17
-18
-93
-206
-284
-274
-108
15
-40
-154
-292
-461
-563
-426
-294
-180
-241
-329
-569
-687
-671
-637
-647
-668
-736
-788
-796
-821
-793
-773
-587
-437
-252
-201
-239
-291
-220
-19
169
395
550
582
411
117
-83
-140
41
221
420
437
368
216
36
12
-45
10
-27
67
133
216
283
320
214
225
304
331
369
301
283
172
201
137
-10
-65
-111
-139
-152
-151
-198
-210
-208
-259
-274
-358
-373
-355
-380
-328
-253
-123
42
55
56
9
-70
-67
-15
47
238
249
163
182
146
197
245
325
259
7
-183
-332
-389
-366
-387
-253
-29
100
146
65
-3
-28
31
66
16
-90
-96
-89
-44
-7
-20
-84
-164
-257
-305
-241
-323
-307
-418
-492
-411
-311
-90
2
38
125
312
400
483
536
500
457
519
591
547
444
399
341
362
340
332
353
279
180
69
97
239
385
586
587
498
375
331
333
357
388
402
487
422
372
356
322
271
153
119
178
145
212
150
-45
-197
-410
-548
-495
-419
-279
-137
-190
-254
-446
-451
-384
-200
-43
-28
53
226
337
290
296
248
284
184
32
-144
-268
-124
-70
-115
-193
-183
-117
-179
-232
-389
-498
-584
-551
-401
-310
-157
28
156
264
261
280
474
632
714
618
468
311
261
281
182
141
113
89
-25
-103
-73
-62
-52
-74
-45
-13
96
93
93
101
289
520
542
624
645
611
535
448
358
387
473
539
505
342
205
52
-46
-127
-170
-149
-135
-178
-251
-281
-329
-339
-271
-202
-196
-210
-79
57
158
187
185
322
417
426
381
205
187
218
233
238
205
139
96
116
200
219
215
147
70
-10
-7
51
85
134
7
-108
-173
-36
117
250
296
314
245
146
61
42
35
145
214
244
157
-80
18
-17
78
157
146
127
-8
-89
-163
-220
-205
-132
-34
-12
132
220
112
-116
-217
-109
167
377
467
378
189
196
320
411
459
557
511
433
313
218
296
342
480
638
611
475
441
341
275
267
291
305
213
55
-40
3
83
185
287
250
62
-112
-174
-142
-40
-32
-6
-4
23
3
-84
-172
-157
-172
-233
-235
-239
-291
-407
-419
-395
-271
-149
-65
3
6
75
-58
-60
57
51
171
298
356
331
298
251
159
38
56
16
46
23
-58
-117
-129
-84
-47
-49
-136
-68
-38
-12
-30
73
41
-16
-18
-75
-132
-177
-286
-330
-204
19
166
170
65
39
-90
-101
-66
-40
81
124
102
45
29
-9
78
132
224
349
431
322
297
299
190
210
218
234
216
147
139
63
93
125
127
94
9
-71
-125
-59
65
159
57
-85
-253
-230
-153
-135
34
47
-33
-29
-19
36
59
110
139
140
45
-28
-70
-45
29
67
-1
5
1
87
168
141
64
-62
-105
-49
-34
-113
-218
-404
-494
-633
-519
-421
-270
-246
-255
-240
-257
-290
-425
-564
-513
-485
-350
-225
-222
-262
-290
-347
-357
-327
-314
-364
-441
-384
-385
-336
-246
-248
-245
-178
-194
-143
-227
-283
-235
-308
-274
-238
-188
-242
-251
-169
-32
95
214
157
77
-43
-121
-116
-98
47
-9
45
99
150
82
60
119
124
104
5
70
65
-13
-90
-45
34
83
124
178
225
230
224
140
-35
-27
-13
-25
-173
-380
-262
-230
-97
-120
-204
-333
-379
-309
-217
-132
-247
-223
-85
60
114
104
-48
-74
-101
-71
-299
-841
-976
-644
-38
394
32
-410
-542
-373
39
-16
-486
-943
-956
-267
552
572
111
-413
-717
-376
278
415
110
-219
-226
128
221
113
-183
-604
-768
-686
-286
-12
-429
-1055
-1359
-1036
-548
27
206
101
-234
-516
-514
-487
-221
61
307
286
601
960
831
458
-108
109
501
762
887
1067
849
529
119
-182
95
384
680
732
480
406
123
-263
-390
-345
-85
89
89
213
240
-58
-441
-730
-645
-146
293
297
65
-206
-465
-715
-848
-482
62
310
231
81
13
-87
-310
-328
-13
600
1060
870
464
45
-258
-362
-469
-131
130
167
62
-241
-630
-941
-914
-723
-319
-65
84
-114
-519
-760
-887
-740
-488
-93
146
320
427
150
-311
-483
-144
155
327
465
589
489
85
-449
-669
-434
-2
482
574
422
56
-208
-370
-305
-142
-114
114
276
349
123
-193
-368
-446
-281
32
366
319
-19
-360
-448
-317
-376
-229
147
236
13
-298
-627
-675
-648
-645
-445
-163
116
10
-152
-295
-328
-384
-431
-359
-63
319
218
-187
-616
-771
-585
-121
71
209
122
-7
-111
-351
-315
-156
22
150
221
381
146
-312
-524
-412
-142
131
320
406
311
148
-125
-445
-390
-250
-16
115
316
261
-50
-556
-824
-646
-429
-164
-125
-136
-137
-295
-472
-662
-638
-320
55
213
208
-27
-346
-499
-606
-399
-186
-56
105
19
-203
-438
-610
-472
-117
241
439
189
-121
-335
-450
-486
-610
-535
-392
-32
171
107
-53
-274
-358
-262
-9
281
376
306
325
140
-37
-141
-176
-24
214
319
205
-2
-209
-191
-228
-110
-57
-31
-24
-151
-261
-355
-418
-414
-269
-95
100
190
126
3
-103
-150
-136
-184
-235
-90
12
64
-134
-277
-165
100
263
312
281
54
-51
26
118
269
318
282
309
294
218
218
165
148
230
151
146
-8
-126
-186
-154
-140
-191
-195
-198
-61
-13
29
-114
-108
-94
-14
64
64
-92
-177
-251
-86
150
185
218
98
87
186
161
-44
-241
-295
-179
-201
-177
-155
-186
-151
-270
-357
-533
-523
-368
-181
-113
-134
-135
-139
-37
37
81
95
89
78
37
-17
-27
-3
49
202
191
164
75
-71
-68
-86
-117
64
245
361
425
327
256
85
28
29
29
29
-14
-60
-134
-249
-327
-160
43
39
-39
-107
-123
-140
-219
-179
-171
-68
10
-55
-68
-23
-61
-201
-321
-275
-158
-32
-14
-41
37
3
-58
-111
-199
-263
-309
-254
-184
-154
-220
-292
-351
-342
-302
-203
-203
-283
-261
-194
-146
-190
-177
-222
-202
-281
-336
-318
-480
-553
-511
-393
-373
-370
-373
-422
-417
-424
-509
-615
-702
-664
-674
-736
-820
-887
-760
-699
-439
-319
-333
-324
-579
-616
-488
-285
-206
-210
-138
-54
-9
-43
-110
-157
-146
-262
-222
24
-3
-85
12
-111
-104
-55
47
65
-19
-179
-252
-257
-271
-143
-188
-191
-166
-84
-60
-136
-349
-504
-489
-266
-30
31
35
-108
-134
-129
-91
-133
-243
-115
85
193
172
114
58
126
244
363
310
220
195
188
187
125
-1
-136
-75
86
101
213
157
63
-54
-140
-46
15
-64
-211
-225
-322
-386
-358
-312
-183
-116
-98
-230
-480
-556
-565
-464
-367
-319
-354
-406
-489
-533
-508
-538
-537
-544
-345
-211
-235
-335
-475
-402
-300
-294
-191
-222
-287
-195
-181
-257
-353
-348
-318
-199
-113
21
57
-95
-256
-365
-335
-123
89
189
85
-112
-260
-334
-370
-406
-458
-403
-288
-188
-99
-162
-202
-260
-251
-129
42
153
207
17
-187
-344
-462
-390
-271
-308
-329
-385
-458
-422
-326
-206
-84
-76
-41
-36
-62
-19
-82
-111
-195
-230
40
202
134
86
-26
-111
-113
22
67
2
-10
-30
50
128
118
222
192
82
65
74
8
22
-43
-157
-162
-52
103
120
-6
-222
-405
-520
-495
-546
-566
-593
-585
-510
-527
-601
-704
-665
-642
-602
-604
-580
-500
-383
-258
-299
-317
-237
-99
-75
-58
-76
-211
-342
-366
-485
-585
-553
-436
-309
-185
-116
-211
-376
-459
-506
-431
-436
-567
-663
-677
-582
-583
-604
-568
-386
-259
-328
-476
-628
-785
-847
-721
-655
-620
-578
-464
-443
-459
-534
-598
-624
-591
-397
-265
-199
-222
-282
-267
-200
-228
-318
-433
-485
-418
-444
-613
-709
-802
-802
-726
-673
-631
-506
-415
-434
-475
-539
-546
-688
-687
-445
-285
-157
-107
-146
-346
-426
-370
-441
-479
-396
-362
-358
-273
-307
-342
-457
-676
-679
-660
-444
-311
-252
-195
-243
-341
-372
-178
-13
179
334
280
181
30
-92
-29
124
201
224
142
19
-16
34
79
39
147
219
119
174
186
168
199
134
135
192
227
304
219
66
132
212
193
264
139
87
28
-46
80
232
319
174
186
183
204
192
15
-163
-170
-137
-119
-164
-194
-131
-144
-85
-76
-113
-133
-220
-159
50
135
27
-51
-118
-145
-173
-134
-240
-350
-311
-420
-499
-523
-479
-372
-341
-363
-443
-440
-300
-323
-389
-601
-673
-631
-570
-481
-449
-495
-555
-596
-650
-563
-459
-363
-370
-319
-164
-16
20
111
54
54
28
-42
-73
-67
-50
-24
4
-28
24
18
129
129
116
137
106
228
299
234
167
76
-54
-99
-26
-1
16
26
91
140
194
87
-31
-67
-102
39
20
39
112
184
161
152
132
123
74
87
155
187
105
60
15
46
173
293
283
142
-84
-160
-29
-55
-11
-96
-76
-18
84
4
-10
-73
-80
-6
48
46
-22
-37
-111
-73
-58
-180
-261
-303
-364
-240
-217
-301
-203
-160
-154
-239
-384
-350
-271
-282
-180
-158
-171
-180
-195
-254
-213
-163
-149
-168
-95
-96
-162
-211
-301
-301
-298
-175
-136
-115
-176
-118
-130
-146
-91
-103
-35
10
-14
63
74
-82
-167
-241
-230
-158
-99
-48
54
22
-163
-263
-209
-155
-113
-128
-117
-10
30
17
-61
1
112
156
72
33
123
212
201
92
4
-51
-14
16
88
57
-3
-252
-599
-673
-516
-281
-178
-110
-247
-349
-494
-645
-629
-399
-158
6
72
-20
-110
-238
-352
-339
-253
-174
-176
-204
-177
-136
-256
-437
-428
-295
-107
91
191
148
-20
-69
-121
-79
77
152
228
142
-35
-155
-222
-186
-58
35
92
124
44
-121
-313
-340
-238
-117
35
109
99
56
-111
-337
-320
-226
-154
28
47
-29
-103
-232
-197
-228
-403
-417
-330
-322
-212
-253
-345
-412
-534
-359
-204
-109
-108
-156
-355
-437
-424
-358
-215
-206
-177
-114
-123
-203
-102
-158
-185
-79
42
172
167
77
-68
-183
-389
-396
-304
-194
-17
-97
-289
-447
-419
-415
-227
-70
122
278
249
228
285
140
85
-32
18
221
219
265
122
56
77
59
18
-73
-104
-157
-164
-140
-200
-125
8
95
141
91
189
252
247
160
176
384
461
384
360
171
28
-60
0
112
171
354
380
380
247
109
17
-93
-135
-82
-13
-14
28
68
72
4
27
-4
93
214
276
179
95
-3
-17
127
132
162
102
58
-10
-38
-26
-59
7
19
101
175
237
183
61
-110
-90
109
250
425
617
574
313
29
-137
-83
-93
57
50
128
210
78
-36
-180
-274
-271
-265
-190
-39
32
-1
-151
-103
-86
-35
148
197
203
117
43
-15
131
238
411
468
353
157
-1
-200
-253
