0.7884749046182804 0.21542502241574751 0 0 0 
0 0.77401954675855456 0.22209643181087416 0 0 
0 0 0.80241424237650083 0.22050752200120455 0 
0 0 0 0.85313414200773785 0.14167550581891286 
0 0 0 0 0.99955922097735372 
9.9999999999999977e-081 9.9999999999999977e-081 0.062824003416818486 0.0013174544535758921 0.3073056749708305 0.027697680974872622 0.00093094476849270628 0.59992424141540979 
9.9999999999999977e-081 9.9999999999999977e-081 0.063426349970870183 0.019951726033722826 0.20520634968404497 0.11666531283333961 0.03246741346593203 0.56228284801209061 
9.9999999999999977e-081 9.9999999999999977e-081 0.13253668819784103 0.0016397314556954724 0.095111217676097787 0.069091407973862234 0.038626860390457415 0.66299409430604594 
9.9999999999999977e-081 9.9999999999999977e-081 0.20754025150339536 1.4706619997050809e-006 0.0095695651192202226 0.02502214664449337 0.029121064348329739 0.72874550172256169 
9.9999999999999977e-081 9.9999999999999977e-081 0.11320325757541314 0.0041735531560887001 0.0065871241487334073 0.017653559921573855 0.16300556778053082 0.69537693741766005 
