-144
-172
-112
-56
13
107
148
192
185
122
45
101
83
78
113
72
131
72
55
-43
-87
-106
-111
13
68
91
172
198
260
186
158
67
-82
-92
-111
-77
-70
116
109
159
159
75
50
32
86
77
43
26
86
88
39
-69
-77
-17
-2
40
94
62
97
63
53
49
-76
-75
-154
-203
-283
-273
-225
-181
-105
-48
2
-26
-3
-37
-103
-196
-248
-185
-91
-77
-64
3
40
92
31
47
45
3
-31
-38
-2
-11
-12
113
132
70
42
-44
-81
-86
-158
-162
-142
-197
-171
-164
-60
9
-15
-85
-105
-64
-122
-185
-234
-197
-138
-109
-155
-225
-157
-180
-137
-6
39
-108
-163
-183
-201
-94
-15
47
117
-2
15
-185
-226
-180
-224
-94
-73
-41
-77
-68
-202
-164
-51
-143
-250
-283
-267
-213
-129
-72
-74
-133
-159
-151
-65
-74
-4
50
-82
-104
-75
-180
-118
-79
-42
76
158
165
188
171
142
258
224
183
44
-10
-18
-53
-42
-117
-208
-241
-267
-274
-217
-234
-199
-292
-332
-368
-384
-398
-538
-570
-642
-660
-601
-476
-305
-178
-134
-230
-195
-129
-121
-190
-87
-118
-220
-256
-262
-187
-131
-36
-70
-98
-131
-39
-44
-87
-40
-138
-131
-100
-111
-153
-31
17
15
71
98
5
-35
22
52
159
194
190
175
174
245
252
320
412
440
500
643
675
679
739
663
556
564
521
603
538
426
304
139
107
2
-58
-46
-28
50
-28
-116
-286
-508
-574
-630
-652
-690
-792
-929
-1164
-1167
-1121
-1162
-1082
-1100
-1116
-1187
-1094
-1099
-1115
-990
-862
-739
-631
-507
-378
-318
-424
-303
-343
-305
-84
-43
27
96
108
198
295
409
604
690
781
857
790
791
804
815
879
999
1110
1144
1125
1057
1071
1045
1061
1244
1194
1259
1333
1306
1276
1202
1162
1116
1121
1086
987
873
782
617
547
517
445
307
66
-26
-49
-49
-177
-365
-527
-612
-655
-594
-475
-528
-623
-728
-767
-646
-625
-704
-719
-788
-864
-887
-723
-586
-639
-629
-666
-724
-826
-846
-708
-655
-572
-489
-507
-634
-586
-560
-494
-502
-521
-410
-450
-460
-388
-332
-343
-294
-144
-58
-50
-117
-54
-13
1
153
195
163
195
144
143
161
210
329
416
540
605
567
709
773
792
777
676
745
697
693
830
978
1056
1105
1117
1130
1253
1196
1163
1172
1067
1081
907
776
605
541
602
688
607
443
299
29
-32
-64
-159
-291
-453
-502
-608
-588
-495
-486
-482
-451
-473
-550
-530
-494
-330
-262
-270
-250
-257
-317
-254
-239
-328
-367
-335
-353
-343
-387
-447
-422
-422
-341
-267
-307
-346
-382
-405
-379
-427
-398
-419
-376
-357
-500
-514
-492
-595
-632
-585
-474
-330
-340
-322
-343
-246
-202
-203
-135
-19
35
98
211
272
354
402
433
512
505
631
792
862
999
1175
1271
1346
1382
1393
1490
1535
1730
1719
1615
1611
1660
1610
1560
1422
1238
1096
992
863
671
431
209
190
161
81
9
-45
-114
-357
-410
-570
-503
-420
-362
-256
-285
-271
-207
-65
-3
58
12
-62
-36
-78
-201
-278
-340
-417
-518
-501
-637
-706
-636
-680
-644
-648
-648
-602
-647
-715
-821
-963
-1125
-1142
-1183
-1342
-1287
-1253
-1290
-1252
-1254
-1109
-1145
-1014
-909
-879
-648
-477
-372
-395
-318
-291
-104
89
107
185
305
359
477
524
640
796
886
980
1121
1184
1310
1426
1464
1678
1777
1907
2108
2312
2415
2410
2326
2177
2098
2008
1996
1926
1745
1498
1327
1287
1207
1051
825
617
536
427
201
-83
-313
-605
-620
-706
-878
-1003
-1175
-1135
-1272
-1260
-1317
-1123
-937
-828
-719
-679
-655
-617
-617
-693
-686
-810
-839
-909
-863
-967
-1067
-1128
-1157
-1177
-1203
-1193
-1262
-1241
-1280
-1203
-1090
-1041
-974
-997
-1105
-1185
-1108
-1055
-1042
-906
-817
-742
-548
-403
-303
-200
-76
45
109
226
445
665
892
990
1101
1230
1323
1440
1453
1508
1543
1680
1824
2072
2245
2462
2673
2758
2730
2710
2704
2640
2586
2374
2023
1533
1192
998
719
502
144
-176
-362
-589
-734
-869
-1161
-1343
-1424
-1302
-1072
-1009
-917
-887
-772
-645
-530
-391
-264
-143
-95
24
136
166
193
130
115
26
-48
-91
20
89
137
34
-52
-123
-103
7
-93
-231
-535
-850
-1127
-1267
-1328
-1582
-1623
-1790
-1905
-1943
-2014
-2051
-2069
-1944
-1799
-1491
-1120
-840
-648
-464
-428
-319
-71
215
489
597
515
466
561
729
685
653
657
482
474
527
773
1059
1166
1333
1396
1623
1850
1986
2118
2164
2428
2744
3156
3400
3610
3670
3577
3363
3090
2814
2618
2385
1872
1359
854
324
-69
-400
-619
-963
-1377
-1687
-1864
-1849
-1807
-1805
-1827
-1716
-1492
-1101
-785
-433
-244
-123
55
168
413
696
951
1049
1030
901
773
754
740
709
593
314
95
-83
-230
-367
-623
-740
-942
-961
-1094
-1291
-1581
-2010
-2413
-2735
-2841
-2840
-2819
-2881
-2888
-2933
-2758
-2335
-1849
-1373
-1054
-679
-358
61
528
887
1120
1228
1209
1244
1452
1603
1689
1478
1347
1274
1140
1215
1294
1536
1646
1730
1893
2157
2525
2723
2868
2968
3277
3627
4014
4338
4439
4335
3994
3618
3031
2483
2316
1934
1382
730
93
-440
-973
-1305
-1653
-2099
-2310
-2564
-2668
-2552
-2378
-2248
-2271
-2193
-1854
-1551
-1202
-807
-475
-155
254
664
1069
1221
1323
1180
916
744
622
535
452
125
-257
-562
-880
-1006
-1038
-1298
-1619
-2031
-2303
-2367
-2273
-2321
-2673
-2865
-3067
-3119
-2941
-2767
-2769
-2765
-2710
-2484
-2050
-1549
-1076
-617
-254
131
585
1159
1463
1839
2082
1986
1848
1615
1471
1341
1161
895
671
707
807
919
1133
1299
1448
1768
2145
2646
3227
3792
4180
4476
4747
5187
5430
5435
5227
4647
3972
3216
2702
2009
1136
339
-550
-1405
-1950
-2323
-2690
-3042
-3470
-3696
-3577
-3318
-3053
-2842
-2705
-2740
-2305
-1897
-1280
-638
-348
28
273
666
1262
1736
2114
2287
2123
1812
1577
1386
1185
803
221
-510
-950
-1341
-1706
-1969
-2410
-2992
-3530
-3651
-3565
-3317
-3318
-3531
-3754
-3749
-3575
-3136
-2884
-2814
-2659
-2482
-2094
-1514
-1035
-595
-16
475
1020
1590
2090
2331
2378
2341
2137
1993
2036
1907
1592
1251
880
624
654
965
1148
1298
1407
1747
2299
2921
3634
4367
4954
5526
6111
6548
6728
6718
6152
5243
4127
3302
2644
1804
765
-428
-1412
-2367
-3058
-3582
-3987
-4249
-4458
-4352
-3978
-3432
-3083
-2783
-2637
-2292
-1845
-1362
-781
-372
-223
3
348
844
1424
1762
1884
1822
1610
1419
1248
1154
639
-21
-893
-1562
-1870
-2253
-2529
-2972
-3568
-4121
-4309
-4247
-4047
-4088
-4244
-4488
-4432
-4011
-3278
-2729
-2525
-2354
-2146
-1714
-1204
-561
-39
365
594
821
1278
1759
2265
2695
2711
2510
2338
2246
2358
2248
1881
1391
982
795
846
1164
1634
1959
2324
2726
3327
4206
5071
5933
6618
7292
7730
7736
7242
6531
5652
4723
3695
2587
1259
-237
-1408
-2546
-3445
-4197
-4859
-5217
-5294
-5210
-4828
-4251
-3779
-3174
-2952
-2384
-1794
-1138
-490
-111
193
367
664
1129
1462
1684
1701
1614
1398
1073
881
597
64
-435
-1077
-1726
-2060
-2473
-2871
-3424
-3900
-4338
-4376
-4299
-4241
-4007
-3963
-3977
-3851
-3550
-3127
-2572
-2249
-2058
-1627
-1298
-878
-484
-63
222
460
715
996
1445
1832
2118
2245
2239
2204
2114
2041
1814
1581
1450
1347
1421
1641
1924
2327
2729
3150
3657
4274
4953
5815
6533
7097
7434
7799
7623
7123
6506
5605
4946
3872
2629
1229
-234
-1464
-2543
-3440
-4240
-4968
-5306
-5501
-5368
-4680
-4004
-3295
-2795
-2547
-1687
-987
-214
481
777
943
1167
1518
1939
2152
2280
2181
1889
1437
944
592
283
-245
-910
-1827
-2405
-2908
-3390
-3867
-4587
-5058
-5356
-5346
-5260
-4984
-4755
-4701
-4472
-3994
-3311
-2570
-2050
-1623
-1262
-888
-517
-66
373
482
531
707
817
1050
1299
1398
1334
1138
1011
1147
1414
1558
1429
1184
1073
1088
1479
1801
2123
2631
3131
3742
4425
5234
6304
7308
7942
8343
8451
8072
7421
6581
5797
4824
3529
2136
689
-590
-1707
-2595
-3532
-4440
-5157
-5411
-5254
-4781
-4054
-3722
-3164
-2795
-2113
-1170
-314
460
845
1295
1490
1797
2227
2412
2457
2184
2036
1711
1261
897
478
-101
-826
-1643
-2344
-2823
-3398
-3835
-4582
-5377
-5980
-6042
-5851
-5768
-5844
-6137
-6081
-5706
-4984
-4137
-3472
-2834
-2194
-1359
-596
194
760
1123
1101
1133
1199
1289
1438
1353
1146
792
334
183
109
333
427
396
508
518
868
1328
1768
2257
2868
3588
4407
5225
6114
6920
7899
8751
9205
9155
8599
7807
7052
6253
4855
3458
1917
441
-875
-2038
-2984
-3982
-4840
-5356
-5329
-5037
-4285
-3745
-3135
-2538
-2030
-1059
-100
937
1515
1609
1672
1775
2165
2529
2655
2553
2047
1576
1289
948
687
99
-600
-1335
-2193
-2715
-3056
-3273
-3833
-4661
-5450
-5759
-5565
-5382
-5569
-6001
-6332
-6367
-5741
-4997
-4157
-3570
-3188
-2408
-1477
-363
589
1270
1701
1930
2068
2031
2026
2092
1956
1563
959
377
228
209
176
1
-75
-157
-1
624
1246
2042
2707
3292
3976
4748
5576
6491
7652
8623
9303
9027
8503
7975
7550
6998
5852
4545
2858
1523
218
-787
-1725
-2804
-3719
-4438
-4426
-4182
-3682
-3189
-2556
-2102
-1513
-514
449
1609
2368
2524
2597
2731
3160
3596
3763
3424
2829
2064
1332
883
562
-67
-949
-1709
-2640
-3160
-3554
-3874
-4365
-5115
-5893
-6178
-5876
-5696
-5780
-6263
-6870
-7002
-6426
-5650
-4913
-4387
-4039
-3540
-2618
-1457
-396
384
714
931
1217
1444
1690
1840
1597
1219
647
49
-127
-225
-84
-193
-247
-320
-172
217
591
1064
1501
2006
2633
3514
4511
5689
6945
7884
8418
8282
7930
7337
7099
6630
5407
4210
2836
1888
719
-458
-1636
-2764
-3587
-4070
-3988
-3685
-3152
-2730
-1978
-1463
-765
145
838
1915
2718
3167
3403
3388
3642
3778
3773
3645
3320
2757
1974
1161
509
-28
-772
-1539
-2344
-2926
-3349
-3776
-4234
-5122
-6028
-6507
-6501
-6310
-6417
-6954
-7569
-7585
-6894
-6136
-5611
-5152
-4790
-4080
-3206
-2252
-1137
-200
444
859
1180
1428
1506
1663
1580
1109
453
-151
-255
-224
-225
-498
-652
-679
-423
42
558
1138
1736
2308
2768
3431
4350
5258
6283
7309
7981
7715
7296
6810
6678
6319
5189
4026
2785
1898
800
-275
-1300
-2215
-3041
-3538
-3437
-3092
-2573
-2275
-1657
-984
-125
862
1607
2643
3277
3658
3996
4298
4921
5081
4894
4476
3914
3430
2715
1910
1256
582
-189
-810
-1638
-2216
-2808
-3254
-3878
-4824
-5763
-6457
-6501
-6492
-6646
-7055
-7551
-7673
-7219
-6515
-5961
-5528
-5028
-4392
-3534
-2556
-1622
-858
-262
173
588
832
823
1044
1032
864
249
-381
-607
-685
-595
-870
-1003
-962
-755
-364
121
944
1758
2606
3278
3930
4921
5821
6951
7851
8410
8246
7667
7084
6755
6444
5426
4266
3076
2033
1071
67
-718
-1546
-2267
-2786
-2993
-2793
-2339
-2013
-1512
-813
-194
757
1665
2719
3657
3950
4229
4560
5171
5636
5495
4999
4456
3971
3410
2801
2145
1368
397
-485
-1443
-2074
-2611
-3145
-3868
-4973
-6032
-6646
-6736
-6672
-6888
-7449
-8079
-8380
-7889
-7159
-6575
-6131
-5707
-5121
-4144
-3053
-2047
-1247
-674
-368
-77
254
418
640
748
463
-216
-1072
-1432
-1368
-1354
-1858
-2448
-2737
-2694
-2153
-1499
-746
67
978
1936
3022
4266
5587
6931
8086
8815
8928
8447
8038
7670
7199
6022
4586
3240
2070
1029
-46
-1016
-2052
-3039
-3755
-3890
-3493
-2769
-2245
-1572
-1018
-423
363
1144
2196
3098
3450
3509
3662
4328
5088
5190
4912
4454
4055
3764
3405
2969
2340
1273
429
-602
-1305
-1877
-2518
-3405
-4566
-5959
-6892
-7290
-7226
-7367
-7998
-8708
-9199
-8793
-8194
-7508
-6961
-6499
-5838
-4831
-3655
-2579
-1666
-950
-386
62
372
635
860
981
909
486
-216
-588
-656
-835
-1537
-2256
-2776
-2861
-2507
-2106
-1554
-1068
-299
687
1781
2978
4210
5559
6974
8057
8796
8726
8593
8312
8166
7418
6048
4655
3319
1942
594
-520
-1649
-2487
-3443
-3831
-3608
-3143
-2491
-2037
-1339
-815
-157
754
1801
3032
3593
3672
3763
4148
4802
5080
4936
4713
4440
4177
4050
3809
3626
2927
2067
1123
348
-87
-798
-1646
-2825
-4318
-5505
-6234
-6577
-6798
-7598
-8388
-8953
-8815
-8181
-7649
-7215
-6813
-6300
-5308
-4081
-2902
-1969
-1312
-641
-100
541
1026
1043
1262
1169
832
157
-466
-678
-852
-1284
-1901
-2529
-2886
-2854
-2709
-2350
-2063
-1552
-756
93
1223
2617
3946
5476
6806
7781
8235
8233
8355
8211
7924
6995
5858
4636
3242
1910
638
-442
-1465
-2554
-3281
-3484
-3252
-2714
-2297
-1624
-818
-197
575
1311
2309
3082
3104
3225
3417
4015
4458
4539
4482
4202
4077
3969
3936
4050
3785
3087
2318
1493
989
364
-437
-1525
-3020
-4291
-5358
-5813
-6103
-7000
-7925
-8596
-8722
-8280
-7806
-7474
-7303
-6937
-6236
-5108
-3929
-2893
-2138
-1635
-1155
-538
100
391
814
968
763
343
-346
-578
-706
-1003
-1692
-2499
-3038
-3433
-3579
-3490
-3159
-2722
-2123
-1260
-60
1382
2873
4185
5811
7260
8239
8422
8266
7966
7648
7050
6032
5018
3607
2280
1110
180
-532
-1548
-2381
-2879
-2840
-2349
-1869
-1413
-824
-309
153
987
1865
2818
3150
3002
2975
3015
3509
3824
3929
3890
3675
3585
3694
4006
4146
3813
3050
2328
1686
1194
603
-210
-1480
-3002
-4370
-5298
-5750
-6248
-7115
-7856
-8252
-8130
-7735
-7450
-7277
-7055
-6589
-5784
-4512
-3510
-2700
-2225
-1744
-1259
-552
17
326
736
797
625
186
-14
-4
-233
-825
-1777
-2556
-3145
-3576
-3815
-3854
-3638
-3368
-2679
-1638
-128
1405
2957
4499
6272
7815
8879
9064
8848
8445
7973
7441
6429
5547
4169
2565
1336
291
-290
-1088
-1816
-2147
-2054
-1534
-823
-70
572
765
1025
1612
2178
2797
3171
3060
3024
3051
3256
3658
3874
3891
3682
3599
3743
4015
4050
3564
3058
2552
1956
1473
829
-34
-1238
-2825
-4182
-4868
-5314
-5747
-6591
-7289
-7649
-7777
-7486
-7157
-6650
-6305
-6031
-5283
-4255
-3324
-2587
-2051
-1533
-1141
-788
-377
73
685
1047
847
523
288
4
-330
-933
-1616
-2325
-3250
-4001
-4327
-4263
-4030
-3765
-3035
-2132
-838
610
2079
3839
5734
7088
8111
8804
8822
8582
7948
7389
6540
5391
4029
2621
1637
713
3
-674
-1429
-1824
-1920
-1501
-913
-114
211
440
655
1252
2116
2560
2996
3039
3019
2901
3065
3797
4189
4373
4328
4389
4578
4580
4439
4229
3813
3179
2301
1291
495
-145
-1118
-2539
-3969
-4889
-5247
-5704
-6120
-6615
-7057
-7490
-7497
-7021
-6348
-6088
-5935
-5661
-4965
-4008
-3325
-2883
-2362
-1744
-1306
-722
-20
672
1002
979
828
581
185
-219
-788
-1345
-2214
-3230
-4121
-4781
-4825
-4823
-4406
-3744
-2738
-1752
-471
1098
2943
4738
6159
7305
8258
9138
9018
8485
7750
7086
6367
5190
3947
2672
1560
603
-56
-603
-1257
-1739
-1914
-1576
-908
-342
-89
18
136
622
1295
1736
2378
2598
2625
2824
3315
4306
4910
5197
5226
5227
5198
5008
4957
4769
3941
2891
1827
985
470
-503
-1764
-3173
-4329
-4955
-5217
-5539
-5943
-6353
-6797
-7026
-6696
-6070
-5643
-5629
-5581
-5341
-4534
-3758
-3244
-2813
-2410
-1954
-1292
-553
163
697
1132
1197
1089
750
277
-412
-1054
-1943
-2993
-3725
-4386
-4665
-4714
-4668
-4391
-3636
-2620
-1400
129
1795
3409
4921
6203
7452
8622
9153
9031
8377
7743
6916
6348
5413
4359
3289
2082
1165
481
-110
-711
-1343
-1801
-2039
-1871
-1489
-1350
-1255
-1286
-1051
-336
290
1012
1676
2033
2687
3378
4336
5108
5552
5927
6108
6134
5942
5390
4723
3845
2756
1800
563
-477
-1209
-1995
-2914
-3886
-4816
-5385
-5631
-5612
-5654
-5627
-5798
-6138
-6049
-5631
-5353
-5214
-5060
-4779
-4243
-3847
-3133
-2307
-1660
-1113
-901
-307
247
759
988
740
215
-427
-1014
-1694
-2479
-3268
-3881
-4540
-4940
-5031
-4937
-4520
-3864
-2835
-1667
-472
767
2335
3924
5370
6290
7092
7892
8478
8985
8361
7575
6740
6467
6120
5241
4296
3065
2085
1236
655
190
-713
-1732
-2599
-2878
-2875
-2743
-2661
-2557
-2599
-2202
-1216
36
1632
2582
3198
3778
4424
5515
6315
6638
6338
5544
4818
4297
3863
3086
1610
77
-1183
-1871
-2013
-2357
-3038
-4081
-5007
-5441
-5313
-4686
-4232
-4533
-5307
-6143
-6228
-5518
-4931
-4845
-5286
-5718
-5297
-4498
-3568
-2989
-2575
-2123
-1665
-967
-345
13
-26
-237
-524
-839
-1245
-1722
-2255
-2871
-3472
-4038
-4294
-4063
-3441
-2840
-2291
-1712
-708
672
2011
3122
4030
4737
5649
6647
7605
8216
8409
8470
8310
7998
7788
7697
6934
6025
5009
3985
3092
2011
919
-429
-2012
-3193
-3771
-3850
-3598
-3618
-3853
-3641
-2716
-974
508
1424
2451
3089
3966
4819
5527
6065
5884
5445
4782
4233
3420
2448
1576
711
-230
-1039
-1809
-2279
-2430
-2534
-2853
-3359
-3709
-3849
-3799
-3787
-3992
-4508
-4786
-5067
-5150
-5188
-5202
-5287
-5165
-5057
-4755
-4283
-3731
-3100
-2580
-2110
-1943
-1719
-1371
-1023
-842
-1018
-1183
-1413
-1601
-1743
-1982
-2095
-2285
-2261
-2301
-2124
-1644
-995
-146
413
970
1376
2016
2899
3653
4417
4815
5327
5977
6843
7835
8620
8913
8563
8304
7873
7529
6792
5671
4321
2716
935
-612
-1802
-2734
-3870
-4874
-5466
-5497
-4883
-3958
-3025
-2169
-1473
-534
697
1889
2930
3222
3456
3448
3541
3530
2858
2396
1808
1329
859
398
-88
-673
-1217
-1333
-1298
-1303
-1352
-1534
-1822
-2277
-2806
-2991
-3068
-3140
-3547
-4285
-4901
-5251
-5317
-5413
-5481
-5761
-5850
-5932
-5659
-5091
-4745
-4458
-4414
-4099
-3660
-3173
-2665
-2145
-1639
-1326
-1097
-846
-205
317
492
311
267
454
666
812
823
787
567
551
725
1067
1592
1933
2401
3211
4178
4974
5683
6638
7606
8329
8642
8447
7803
7015
6106
5320
4209
2880
1518
-7
-1183
-2208
-2837
-3528
-4053
-4064
-3731
-3100
-2334
-1663
-1267
-1082
-898
-233
423
768
730
326
288
272
373
462
413
490
271
282
433
693
879
805
570
479
267
-26
-190
-391
-806
-1427
-1990
-2118
-2197
-2431
-2969
-3615
-4124
-4607
-4863
-5173
-5584
-6190
-6754
-7078
-6774
-6431
-6235
-6303
-6112
-5697
-4986
-3881
-2512
-1196
-298
290
1118
1926
2775
3193
3263
3231
2949
2705
2376
2177
1966
1593
1340
1237
1414
1757
2042
2461
3146
4013
4615
5248
5959
6509
7013
7182
7099
7079
6768
6039
5296
4529
3795
2963
2160
1541
888
353
-335
-821
-1226
-1733
-2177
-2355
-2156
-2101
-2270
-2764
-3078
-3093
-2988
-2904
-2704
-2311
-2186
-1962
-1512
-728
59
500
732
1121
1531
1803
1963
2090
2136
1708
1321
1067
1028
1028
648
-49
-801
-1234
-1525
-1929
-2509
-3220
-4035
-4946
-5675
-6327
-6811
-7558
-8206
-8297
-8123
-7719
-7197
-6682
-6160
-5305
-4141
-2820
-1435
-288
722
1649
2515
3390
4015
4387
4519
4612
4531
4220
3953
3656
3172
2631
2279
2023
1845
1666
1381
1281
1280
1479
1767
2312
2639
3034
3350
3660
4169
4448
4880
5166
5352
5285
5078
4768
4443
4164
3364
2498
1523
622
-211
-1194
-2010
-3104
-4142
-4841
-5050
-4952
-5012
-5426
-5822
-5769
-5508
-4723
-4099
-3455
-2794
-2436
-1933
-1349
-273
479
1017
1270
1494
1892
2247
2652
2770
2485
1889
1532
1299
1085
711
-26
-1095
-2101
-2898
-3421
-3890
-4304
-5137
-5936
-6442
-6603
-6369
-6303
-6260
-6263
-6222
-5981
-5368
-4458
-3695
-3173
-2676
-2099
-1104
185
1322
2251
3079
3683
4357
4983
5462
5593
5515
5262
4752
4377
3853
3314
2438
1607
1049
516
180
164
392
561
793
1395
1959
2625
3414
4175
4773
5215
5428
5497
5546
5434
5194
4541
3754
2988
2118
1346
658
42
-500
-1094
-1718
-2279
-2603
-2920
-3374
-3719
-3928
-4237
-4374
-4431
-4351
-4248
-4218
-3745
-3169
-2509
-1915
-1433
-842
-221
783
1580
2071
2397
2345
2294
2098
2071
1994
1459
640
-74
-731
-1247
-1422
-1558
-1704
-2254
-2623
-2801
-2652
-2438
-2557
-2921
-3198
-3241
-3209
-2979
-2932
-2936
-3120
-3556
-3331
-2751
-2108
-1544
-999
-371
166
1017
1996
2834
3555
3843
4013
4381
4678
4854
4656
4100
3447
3010
2701
2628
2381
2023
1671
1530
1838
2183
2333
2360
2275
2197
2236
2223
2260
2209
1799
1527
1134
1048
1090
1182
1154
960
1043
963
903
893
831
819
737
510
358
272
77
-420
-893
-1306
-1856
-2411
-3024
-3572
-3984
-4410
-4958
-5133
-5149
-4957
-4791
-4586
-4149
-3713
-3237
-2719
-2049
-1344
-684
-183
436
879
1076
1235
1300
1184
925
728
613
560
494
106
-201
-289
-436
-283
-175
-117
-196
-322
-284
-137
-110
-99
-333
-680
-959
-1112
-1155
-1291
-1342
-1406
-1489
-1271
-902
-424
126
776
1447
2025
2812
3497
4109
4509
4735
4845
4838
4650
4102
3418
2745
2133
1573
942
281
-451
-1016
-1439
-1657
-1765
-1843
-1872
-1972
-1852
-1651
-1299
-1126
-1008
-607
-221
292
666
924
1242
1645
2026
2311
2467
2588
2556
2312
1994
1385
717
-235
-1337
-2305
-3344
-4503
-5442
-6214
-6810
-7255
-7486
-7167
-6635
-5949
-5142
-4259
-3141
-1978
-949
-107
648
1187
1560
1782
1868
1814
1528
945
478
300
-21
-370
-471
-213
107
513
1000
1696
2357
2873
3292
3765
4061
4127
4162
3884
3425
2904
2271
1545
1067
488
-175
-667
-1017
-1122
-1298
-1241
-1003
-698
-433
-137
368
932
1295
1540
1746
1984
2240
2196
2023
1708
1291
722
226
-203
-557
-887
-1124
-1254
-1397
-1343
-1245
-938
-577
-266
-62
255
490
827
1131
1118
1112
1049
872
672
479
46
-452
-872
-1153
-1174
-1246
-1447
-1689
-1704
-1551
-1508
-1423
-1175
-760
-421
-233
-180
-51
17
52
-29
29
-22
-401
-794
-1181
-1426
-1836
-2195
-2518
-2682
-2866
-3116
-3160
-2962
-2694
-2501
-2273
-1751
-951
-235
467
1040
1599
2134
2782
3674
4591
5430
6065
6421
6774
7064
7419
7640
7539
7162
6317
5375
4447
3563
2692
1549
328
-877
-1879
-2550
-3056
-3587
-3870
-4289
-4580
-4530
-4265
-3941
-3555
-3072
-2605
-2173
-1881
-1457
-900
-343
10
209
380
634
1069
1309
1336
1438
1395
1501
1417
1198
846
205
-372
-917
-1371
-1994
-2727
-3445
-4053
-4435
-4793
-5050
-5009
-4759
-4470
-4056
-3486
-2625
-1653
-721
406
1442
2384
3192
4076
4838
5482
5766
5683
5616
5285
4764
3808
2645
1423
245
-1045
-2259
-3130
-4028
-4763
-5526
-5958
-5870
-5546
-5204
-4841
-4241
-3490
-2672
-1654
-633
129
864
1666
2753
3773
4441
4969
5241
5609
6025
6491
6789
6717
6790
6708
6600
6531
6171
5748
5174
4655
3969
3252
2386
1350
308
-776
-1735
-2431
-3223
-3926
-4612
-5180
-5516
-5557
-5269
-5164
-5037
-4838
-4434
-3732
-2885
-2168
-1667
-1361
-1032
-892
-776
-556
-435
-461
-746
-1023
-1156
-1251
-1367
-1573
-1738
-1936
-2033
-1987
-1993
-1985
-2146
-2219
-2262
-2086
-1735
-1653
-1550
-1503
-1200
-777
-279
241
637
1072
1537
2173
2893
3571
4033
4355
4573
4744
4826
4902
4804
4492
3933
3283
2723
2164
1545
718
-169
-932
-1623
-2101
-2389
-2741
-3089
-3330
-3354
-2974
-2373
-1779
-1339
-839
1
730
1350
1976
2527
3096
3462
3869
4348
4556
4532
4391
4082
3889
3728
3614
3400
3179
3086
2951
2890
2847
2855
2809
2653
2240
1874
1446
960
256
-627
-1509
-2290
-3211
-4180
-5069
-5793
-6343
-6817
-7073
-7145
-7012
-6736
-6281
-5639
-4765
-3950
-3173
-2292
-1360
-704
-251
18
333
613
539
332
131
34
-172
-309
-385
-413
-521
-617
-486
-196
162
363
567
808
901
1012
1028
975
820
587
316
214
36
-257
-399
-392
-346
-211
130
504
998
1500
2163
2942
3872
4486
4993
5236
5509
5748
5524
5270
4856
4414
3678
2884
2112
1319
537
-135
-779
-1213
-1580
-2007
-2254
-2203
-2078
-1803
-1681
-1540
-1203
-852
-506
-297
-164
-119
-55
74
220
492
684
802
806
844
856
1059
1293
1410
1467
1386
1509
1404
1226
1047
733
241
-387
-845
-1390
-1929
-2585
-3278
-3759
-4301
-4779
-5017
-5123
-5042
-4837
-4543
-3915
-3258
-2542
-1844
-1092
-282
389
1054
1516
2040
2344
2349
2235
2111
2037
1533
1145
713
79
-369
-868
-1183
-1399
-1466
-1456
-1434
-1215
-1142
-1089
-933
-778
-487
-108
241
348
405
415
507
713
860
921
1119
1394
1732
2157
2576
3074
3551
4036
4373
4857
5256
5386
5620
5692
5578
5287
4873
4429
4042
3534
2806
2014
1173
309
-520
-1280
-2084
-2851
-3503
-3978
-4464
-4695
-4820
-4814
-4610
-4413
-4192
-3894
-3536
-3180
-2878
-2638
-2299
-1990
-1572
-1157
-736
-409
-290
-67
181
432
768
1234
1580
1920
2223
2544
2792
3074
3293
3416
3362
3367
3357
3153
3018
2529
2090
1594
1147
667
43
-746
-1537
-2016
-2461
-2998
-3365
-3629
-3793
-3681
-3582
-3344
-3092
-2814
-2405
-1878
-1252
-815
-463
-101
279
708
1245
1756
2006
1990
1904
2088
2291
2486
2567
2504
2442
2203
2218
2101
1858
1471
957
701
425
363
327
239
42
-206
-439
-601
-698
-754
-756
-686
-422
-72
286
785
1236
1641
2033
2200
2491
2687
2694
2757
2653
2424
2113
1699
1188
570
-163
-900
-1584
-2300
-2952
-3519
-4073
-4647
-5082
-5307
-5247
-5022
-4813
-4380
-3892
-3185
-2479
-1582
-647
210
1051
1864
2704
3291
3669
3861
3997
3984
3861
3699
3559
3229
2992
2872
2716
2574
2252
2085
1777
1504
1184
949
772
683
593
384
60
-34
-172
-294
-368
-606
-893
-1216
-1302
-1303
-1144
-1056
-883
-713
-488
-268
-120
57
236
460
564
661
789
920
849
611
377
175
-7
-275
-649
-961
-1329
-1670
-1854
-1898
-1883
-1851
-1838
-1662
-1373
-1059
-829
-608
-282
-73
124
221
225
338
278
78
22
3
-88
-267
-521
-845
-1070
-1240
-1372
-1296
-1227
-1247
-1220
-1019
-739
-458
-213
51
308
775
1258
1660
2136
2576
2760
3050
3217
3335
3301
3169
3034
2808
2607
2312
1850
1356
800
266
-186
-636
-911
-1163
-1372
-1465
-1428
-1198
-968
-606
-51
532
1091
1603
1936
2261
2617
2894
3084
3237
3058
2692
2244
1923
1820
1571
1250
937
797
685
520
388
429
528
620
576
609
493
442
274
14
-177
-538
-999
-1415
-1834
-2299
-2721
-3251
-3430
-3433
-3523
-3496
-3303
-2972
-2630
-2317
-2006
-1478
-1031
-737
-316
98
322
549
687
756
727
507
340
134
-148
-551
-903
-1169
-1255
-1347
-1435
-1465
-1346
-1081
-902
-598
-459
-342
-60
219
594
799
818
764
784
679
594
553
429
295
102
190
272
510
790
997
1321
1608
1924
2316
2785
3196
3421
3768
4098
4323
4602
4659
4512
4188
3870
3601
3349
2948
2546
2235
1821
1380
755
258
-51
-384
-736
-947
-1048
-1107
-1155
-1341
-1598
-1834
-2072
-2135
-2298
-2424
-2585
-2814
-3000
-2998
-2940
-2861
-2696
-2595
-2438
-2288
-2008
-1687
-1283
-884
-486
-103
521
1062
1604
1913
1988
2004
1966
2040
2103
2030
1784
1396
1100
818
513
156
-258
-580
-970
-1126
-1266
-1455
-1449
-1400
-1473
-1659
-1713
-1760
-1807
-1904
-2075
-2237
-2386
-2346
-2259
-2132
-2025
-1893
-1668
-1428
-1064
-605
-352
-40
382
793
1201
1517
1854
1954
2038
2052
2052
1968
1824
1729
1570
1594
1580
1621
1576
1550
1445
1165
1107
1107
1067
954
932
1010
1125
1222
1349
1420
1407
1477
1494
1658
1826
1919
2048
2064
2265
2209
2178
2060
1790
1495
974
658
385
172
-252
-802
-1304
-1756
-2180
-2447
-2646
-2823
-3033
-3358
-3538
-3580
-3466
-3397
-3326
-3212
-2989
-2795
-2382
-1899
-1369
-989
-507
237
1013
1722
2283
2827
3270
3602
3916
4273
4585
4727
4679
4607
4386
4106
3726
3186
2632
1949
1279
686
247
-211
-724
-1180
-1627
-1918
-2142
-2371
-2516
-2751
-2947
-3005
-2981
-2757
-2835
-2929
-2837
-2668
-2328
-1884
-1465
-1040
-705
-345
205
712
1235
1584
1801
2037
2111
2075
2077
2109
2113
2039
2027
1940
1809
1664
1470
1299
1098
846
640
468
244
-118
-473
-726
-880
-1034
-1104
-1120
-1270
-1315
-1397
-1470
-1467
-1452
-1430
-1310
-1147
-894
-633
-430
-159
94
438
932
1386
1817
2129
2441
2860
3187
3418
3449
3420
3468
3430
3308
3218
2980
2578
1977
1467
1031
523
-82
-753
-1233
-1559
-1878
-2221
-2281
-2371
-2431
-2384
-2141
-1805
-1449
-1153
-926
-654
-539
-282
32
427
645
715
714
737
751
806
868
902
977
858
856
908
879
782
743
656
495
221
19
-241
-400
-652
-916
-1127
-1232
-1459
-1686
-1853
-2118
-2356
-2545
-2533
-2423
-2332
-2218
-2037
-1795
-1583
-1440
-1259
-1043
-721
-440
-198
79
307
453
565
637
696
601
495
414
186
-12
-144
-326
-506
-715
-736
-795
-951
-1095
-1241
-1417
-1588
-1635
-1661
-1813
-1813
-1739
-1703
-1639
-1448
-1162
-778
-349
132
830
1435
2198
2757
3298
3739
4120
4467
4859
5348
5504
5514
5208
4771
4405
3852
3353
2840
2310
1695
1104
594
235
-139
-596
-941
-1262
-1330
-1515
-1667
-1804
-2033
-2166
-2258
-2330
-2376
-2414
-2386
-2374
-2388
-2306
-2211
-2091
-1944
-1550
-1190
-807
-384
-112
245
709
1131
1386
1518
1403
1242
1044
853
708
442
49
-427
-743
-1009
-1223
-1423
-1636
-1743
-1813
-1774
-1684
-1605
-1403
-1245
-894
-539
-153
162
405
586
721
821
730
524
397
86
-334
-737
-1141
-1525
-1899
-2091
-2207
-2186
-2139
-1885
-1523
-1219
-765
-126
607
1285
1884
2272
2743
3039
3277
3524
3630
3607
3283
3016
2701
2602
2439
2204
2016
1918
1879
1751
1799
1705
1656
1685
1662
1767
1794
1710
1591
1476
1403
1332
1156
830
402
81
-298
-624
-782
-893
-1130
-1294
-1291
-1214
-1215
-1185
-1100
-918
-672
-465
-370
-272
-408
-471
-570
-603
-693
-850
-1052
-1282
-1482
-1713
-1777
-1911
-1891
-1988
-2013
-1986
-1868
-1499
-1113
-643
-236
68
377
669
937
1171
1293
1332
1155
874
572
279
-98
-650
-1242
-1636
-2130
-2445
-2588
-2710
-2715
-2632
-2436
-2092
-1472
-1012
-553
-2
479
1080
1471
1830
2153
2422
2544
2673
2766
2749
2598
2373
2311
2167
2076
1934
1676
1495
1235
1020
624
373
91
-328
-637
-895
-1033
-1209
-1403
-1687
-1872
-2059
-2039
-1895
-1698
-1366
-1044
-703
-493
-139
142
382
859
1281
1741
2100
2290
2350
2459
2364
2202
2026
1790
1607
1327
1158
1027
789
462
233
8
-163
-295
-378
-543
-604
-542
-543
-559
-469
-382
-353
-391
-315
-270
-372
-592
-817
-877
-1003
-1118
-1114
-1204
-1258
-1313
-1423
-1325
-1273
-1228
-1215
-1126
-1021
-803
-659
-608
-506
-516
-578
-494
-421
-281
-4
223
342
491
683
833
1041
1273
1570
1702
1687
1704
1571
1475
1351
1229
1005
718
481
249
65
-61
-259
-411
-448
-516
-531
-518
-334
-91
146
415
641
715
773
781
677
798
809
678
604
476
491
506
456
409
407
436
480
667
859
989
1003
1101
1227
1327
1456
1519
1605
1523
1404
1361
1259
1210
1004
709
508
239
-29
-431
-675
-987
-1232
-1413
-1677
-1818
-1963
-2008
-1997
-1925
-1774
-1585
-1409
-1036
-606
-96
370
817
1154
1567
1862
2077
2282
2350
2453
2561
2518
2191
1907
1562
1189
836
657
521
304
122
-215
-395
-661
-828
-1087
-1348
-1601
-1894
-2136
-2270
-2297
-2251
-2229
-2167
-2041
-1997
-1863
-1674
-1376
-1049
-621
-157
147
548
816
1128
1344
1458
1633
1720
1700
1641
1683
1538
1306
1044
807
731
565
396
253
182
52
-73
-137
-206
-212
-245
-208
-209
-168
-222
-338
-420
-607
-616
-640
-634
-559
-508
-479
-369
-254
-235
-193
-105
-166
-328
-348
-358
-228
-180
-13
245
316
596
757
878
990
1067
1166
1283
1387
1442
1574
1704
1664
1606
1521
1320
1162
1013
764
648
508
204
16
-136
-291
-522
-615
-731
-702
-658
-685
-561
-486
-455
-428
-463
-436
-304
-344
-312
-219
-259
-386
-444
-472
-524
-544
-746
-881
-1133
-994
-947
-1159
-1250
-1173
-1301
-1599
-1518
-1494
-1488
-1463
-1281
-1070
-398
-284
-362
-282
-59
942
828
665
1119
1360
2066
1847
2126
2330
1964
1517
1226
913
644
298
-160
-792
-1357
-1284
-1571
-1759
-1660
-1751
-1833
-2067
-2071
-1765
-1587
-1269
-754
-275
-169
-147
-251
-319
-751
-708
-512
-351
223
765
910
1040
1395
1590
1815
1845
1940
1803
1395
1517
1554
1422
893
811
703
524
331
232
1
-384
-599
-792
-793
-799
-800
-450
-341
-428
-288
-115
32
174
290
398
291
-44
-82
-216
-28
-14
-312
-503
-706
-1059
-1451
-1496
-1321
-1154
-1038
-1114
-822
-844
-729
-428
-200
168
448
494
68
-391
-475
-280
14
107
229
238
130
-40
-15
99
-43
-172
-314
-490
-785
-1053
-1049
-1014
-783
-615
-637
-508
-678
-810
-790
-757
-702
-668
-520
-460
-483
-518
-556
-450
-395
-422
-636
-1003
-955
-821
-927
-1228
-1240
-1220
-1369
-1600
-1572
-1474
-1685
-1355
-1237
-1222
-545
41
220
484
980
1493
1698
2223
2964
3489
3934
4472
4846
4866
5091
4812
4340
3735
2857
3005
2801
2184
1751
1389
833
255
19
-230
-291
-239
-481
-1137
-1542
-1351
-854
-1232
-1837
-1819
-1158
-766
-922
-754
-431
-314
-420
-390
38
150
-360
-792
-714
65
680
768
232
-228
-243
152
795
1180
1144
851
368
-71
-76
-25
-397
-909
-924
-767
-671
-1070
-1636
-2027
-2149
-2339
-2514
-2123
-1200
-708
-1056
-1417
-1428
-1062
-820
-771
-879
-573
-26
440
962
1289
1705
1554
1122
831
755
623
114
-600
-1273
-1303
-1015
-1094
-1194
-898
-848
-1048
-1309
-1494
-1601
-1656
-1345
-865
-311
-127
-296
-374
-345
-240
-188
-386
-642
-732
-912
-857
-751
-566
-520
-295
-23
-20
305
615
806
714
699
882
1179
1406
1645
1622
1740
1989
1926
2073
2082
1823
1796
1858
1628
1101
702
711
690
399
338
575
660
533
306
112
-123
-239
-344
-704
-1139
-1327
-1522
-1601
-1557
-1564
-1750
-2040
-2415
-2713
-2839
-2918
-2928
-3071
-3060
-3031
-2854
-2716
-2518
-2321
-2331
-2404
-2383
-2410
-2222
-1988
-1927
-1885
-1788
-1562
-1310
-990
-829
-580
-407
-143
-89
-214
-337
-564
-675
-982
-1328
-1545
-1766
-1875
-1920
-1978
-2010
-1898
-1695
-1700
-1610
-1536
-1532
-1375
-1235
-999
-638
-374
-186
3
325
614
823
1172
1559
1847
2138
2346
2492
2762
2767
2753
2738
2578
2558
2435
2383
2333
2310
2330
2382
2224
2183
2153
1826
1804
1692
1474
1224
1028
782
641
486
411
406
331
359
321
278
148
92
77
254
415
515
502
553
638
728
803
746
752
617
592
589
523
421
297
280
179
-3
-281
-540
-708
-743
-787
-759
-777
-750
-727
-790
-775
-813
-827
-807
-815
-955
-1027
-1207
-1348
-1313
-1459
-1469
-1537
-1597
-1678
-1649
-1641
-1640
-1502
-1443
-1375
-1070
-769
-493
-227
54
464
685
933
1253
1467
1649
1738
1682
1709
1628
1570
1606
1511
1335
1218
1005
797
747
665
512
216
170
139
59
-12
-65
-66
-218
-309
-345
-338
-384
-302
-256
-106
50
135
220
269
469
567
666
722
733
849
938
1057
1085
1153
1235
1303
1410
1549
1676
1703
1708
1853
1784
1576
1446
1293
1095
891
727
622
460
288
87
-114
-261
-437
-689
-832
-1002
-1118
-1200
-1282
-1334
-1461
-1455
-1426
-1431
-1335
-1166
-1120
-912
-874
-905
-951
-1074
-1148
-1179
-1236
-1159
-1192
-1302
-1388
-1516
-1831
-2012
-1986
-2130
-2112
-2047
-1985
-1974
-2004
-1998
-2053
-1972
-1927
-1692
-1528
-1423
-1277
-1142
-1067
-965
-865
-836
-656
-559
-420
-379
-454
-419
-404
-431
-390
-403
-367
-244
-141
-72
-42
26
136
161
146
134
179
126
-42
-123
-235
-253
-193
-145
74
217
404
489
600
726
746
886
996
1084
1196
1275
1442
1548
1657
1706
1770
1795
1784
1735
1560
1313
1165
1128
1126
1134
1054
983
878
848
864
846
941
945
852
819
878
856
878
877
806
605
475
218
66
41
-75
-164
-312
-485
-521
-692
-735
-816
-936
-942
-903
-954
-922
-859
-789
