-8
-8
-23
-27
-36
-43
-41
-53
-55
-42
-47
-45
-28
-15
0
16
32
43
48
56
56
44
40
31
26
36
43
47
51
46
51
57
56
56
61
64
56
46
37
23
9
7
4
-1
-16
-27
-30
-36
-33
-34
-35
-28
-28
-27
-30
-43
-40
-41
-41
-29
-28
-25
-15
-13
-6
6
16
25
32
36
40
45
56
58
65
73
78
74
54
45
36
26
35
40
30
22
21
16
9
4
5
-1
-17
-17
-16
-32
-35
-36
-44
-57
-70
-80
-84
-85
-84
-86
-75
-58
-52
-41
-34
-28
-28
-20
-7
-7
-5
11
8
6
7
8
23
34
35
43
50
54
58
62
64
47
42
41
31
27
19
8
7
0
-12
-18
-32
-42
-52
-64
-57
-60
-79
-84
-74
-74
-78
-73
-70
-71
-64
-56
-60
-53
-43
-42
-34
-24
-18
-11
-6
0
13
22
43
62
63
69
69
64
72
62
55
63
63
68
62
56
65
45
34
41
26
18
7
-11
-20
-37
-54
-58
-74
-86
-83
-86
-79
-70
-69
-51
-40
-36
-34
-46
-43
-27
-22
-15
-5
2
13
13
18
37
50
63
81
93
107
118
128
141
141
135
123
108
103
76
54
47
35
29
14
-8
-5
-15
-24
-14
-27
-25
-26
-43
-39
-49
-75
-84
-102
-114
-114
-128
-118
-100
-97
-80
-67
-55
-28
-13
2
30
42
52
63
65
76
76
69
76
78
78
84
100
116
120
121
125
104
85
68
47
40
13
-8
-11
-34
-54
-67
-93
-104
-112
-122
-110
-108
-114
-112
-119
-121
-129
-141
-135
-135
-129
-108
-101
-76
-48
-37
-10
11
27
55
70
89
122
134
138
142
134
132
114
99
97
87
84
85
85
92
85
77
75
50
39
22
-14
-33
-59
-94
-101
-125
-155
-155
-172
-171
-156
-164
-138
-118
-120
-91
-90
-89
-66
-63
-48
-30
-27
-4
8
20
45
48
72
94
106
139
150
157
175
177
183
182
165
160
142
124
119
95
77
64
41
28
7
-10
-17
-43
-56
-72
-99
-102
-114
-118
-105
-116
-116
-105
-107
-102
-91
-85
-72
-64
-62
-54
-41
-24
-16
2
20
23
44
61
55
82
97
86
117
134
127
148
141
126
134
113
98
93
64
51
40
16
2
-18
-34
-44
-57
-57
-72
-76
-70
-89
-89
-98
-117
-108
-114
-120
-102
-118
-111
-100
-113
-87
-83
-83
-58
-56
-31
-1
12
40
56
71
90
83
84
90
79
79
73
62
64
51
35
31
22
23
27
28
27
22
19
14
9
5
-11
-27
-42
-63
-74
-87
-115
-116
-113
-127
-112
-98
-98
-74
-64
-56
-29
-21
-13
6
2
8
15
14
26
27
34
42
39
47
57
65
71
69
77
85
84
92
83
78
87
73
73
67
44
35
19
13
22
11
6
5
-14
-15
-16
-22
-28
-37
-30
-23
-33
-36
-35
-35
-35
-32
-17
-1
1
11
20
21
21
20
27
22
15
31
31
33
48
43
50
54
47
56
64
62
69
65
51
50
33
20
20
5
-6
-6
-18
-29
-19
-25
-22
-13
-30
-34
-26
-39
-39
-27
-39
-42
-34
-49
-57
-56
-67
-71
-62
-56
-56
-48
-43
-39
-31
-17
-7
-5
0
-2
-8
-3
-10
-12
-5
-19
-29
-32
-39
-30
-26
-21
-2
-2
-3
1
6
5
0
0
-9
-21
-19
-19
-23
-22
-18
-20
-11
-6
-6
0
0
4
2
-6
-1
-8
-20
-20
-21
-9
12
21
21
28
28
28
23
20
21
9
7
4
3
6
0
9
14
13
19
22
31
43
41
48
44
25
16
7
-6
-17
-22
-17
-18
-20
-7
0
0
7
14
23
31
30
35
26
8
7
0
-4
9
8
6
23
24
18
34
36
37
49
48
42
43
40
34
41
42
43
39
29
27
28
25
19
26
28
22
14
2
-1
1
-9
-22
-15
-18
-19
-11
-21
-25
-19
-27
-23
-22
-34
-35
-43
-45
-41
-43
-37
-34
-41
-42
-42
-31
-28
-36
-26
-34
-43
-26
-20
-20
-12
-15
-5
-1
-11
-17
-21
-22
-32
-36
-34
-36
-27
-21
-15
-6
-7
-2
13
12
10
20
4
-2
1
-6
-17
-21
-24
-29
-26
-32
-30
-16
-14
-7
20
33
28
26
18
14
13
5
0
0
-17
-28
-21
-20
-10
5
7
7
12
16
26
29
25
20
22
16
13
8
0
2
0
-9
-6
-11
-26
-22
-13
-7
-1
5
6
7
7
18
19
12
14
11
1
-7
-5
0
-2
-7
-6
-13
0
8
0
6
6
11
19
21
20
25
33
36
34
40
39
29
36
27
10
18
16
14
34
24
16
30
15
18
31
28
28
33
25
20
20
2
-8
-1
-1
-7
-6
-12
-6
8
-3
-15
-13
-13
-1
5
-6
-5
0
-8
-1
0
-8
0
2
0
0
0
0
-7
-3
0
-8
-4
-3
-13
-13
-14
-16
-7
-7
-1
8
1
13
19
6
8
0
-12
-13
-15
-19
-19
-25
-29
-22
-20
-22
-17
1
8
6
7
4
0
6
-2
-8
-2
-12
-10
-12
-24
-28
-33
-36
-24
-26
-23
-10
-4
0
0
0
0
-4
-7
-6
-17
-21
-29
-33
-26
-33
-34
-28
-37
-27
-13
-13
0
7
6
16
21
20
20
21
18
8
6
8
3
0
-4
-14
-13
-7
-6
-7
-4
8
22
17
11
1
-7
0
-9
-23
-15
-25
-42
-40
-33
-23
-20
-16
-4
1
10
19
21
25
29
26
34
30
29
33
26
40
39
34
43
37
28
34
35
44
46
47
63
51
44
47
30
21
17
13
27
26
20
18
7
16
13
6
12
5
-1
1
-9
-13
-1
-5
-2
2
7
6
9
15
12
3
-1
-8
-17
-21
-32
-29
-21
-20
-10
-6
-7
-6
-7
-4
0
-6
-6
0
0
-1
-10
-17
-20
-15
-13
-6
-11
-15
-12
-7
0
-5
-3
0
4
14
13
15
18
3
-1
-9
-15
-8
-8
-14
-8
-13
-9
7
-8
-20
-25
-46
-47
-43
-54
-56
-57
-62
-51
-38
-35
-37
-34
-36
-42
-33
-27
-34
-35
-35
-36
-29
-28
-25
-13
-13
2
27
33
47
57
62
85
98
105
104
86
78
60
48
41
26
15
3
0
3
14
10
11
15
7
6
7
2
-6
-7
-15
-32
-39
-50
-62
-53
-48
-44
-30
-35
-25
-20
-29
-21
-12
-6
4
8
18
36
41
47
50
43
41
42
41
43
41
47
50
52
58
51
49
48
42
39
30
27
28
28
34
32
19
9
5
-3
-8
-6
-19
-33
-35
-35
-34
-41
-42
-45
-46
-38
-34
-28
-27
-28
-27
-16
-11
-6
-7
-7
-15
-22
-15
-24
-36
-34
-36
-27
-15
-12
1
4
3
15
9
0
5
-7
-11
-5
-7
4
13
13
16
21
21
21
21
19
13
15
8
0
0
0
1
1
-6
4
4
-12
-20
-21
-21
-20
-9
-13
-21
-21
-27
-27
-30
-55
-64
-51
-49
-49
-41
-30
-15
1
11
25
36
19
15
22
25
36
41
33
43
47
43
54
60
49
39
35
29
28
28
28
22
22
31
36
47
41
27
22
8
0
-8
-25
-34
-40
-52
-48
-41
-47
-50
-49
-57
-61
-51
-48
-37
-27
-31
-27
-13
-18
-16
-3
-7
-4
5
3
-1
6
6
9
25
23
35
44
33
41
48
43
38
31
27
19
11
5
0
-6
-8
-24
-34
-37
-43
-41
-42
-42
-42
-34
-26
-21
-21
-15
-13
-14
-22
-29
-21
-24
-27
-16
-15
-6
5
8
23
34
37
55
65
62
66
64
45
43
47
41
43
36
23
29
35
25
28
26
21
34
32
20
22
12
1
-8
-22
-31
-39
-43
-48
-50
-48
-43
-42
-42
-41
-30
-27
-25
-6
-2
-6
-13
-24
-29
-17
-13
-15
-8
0
9
31
33
28
46
49
51
58
52
48
50
39
22
22
12
0
5
-3
-10
-6
-15
-20
-23
-40
-48
-50
-57
-63
-64
-66
-75
-75
-74
-86
-97
-104
-109
-105
-99
-99
-92
-92
-89
-75
-70
-61
-47
-37
-33
-25
-17
-8
2
6
0
2
7
5
16
22
22
40
41
35
42
37
31
37
27
25
36
18
15
32
38
51
67
67
63
74
78
79
89
92
92
92
91
95
114
128
121
120
118
107
113
104
85
85
77
68
55
37
32
19
6
-7
-21
-21
-37
-50
-43
-54
-47
-47
-71
-71
-73
-82
-70
-66
-72
-61
-67
-72
-69
-73
-68
-52
-50
-56
-48
-38
-35
-35
-35
-42
-33
-16
-15
-2
10
7
18
21
25
42
39
30
38
35
37
41
34
36
32
18
5
0
-8
-20
-33
-51
-67
-80
-100
-129
-150
-168
-182
-184
-201
-225
-227
-245
-262
-246
-246
-257
-254
-267
-265
-250
-253
-247
-240
-241
-225
-196
-171
-150
-115
-71
-37
3
47
84
129
171
210
259
301
324
350
367
383
413
435
449
465
469
468
475
462
443
429
386
342
316
265
230
185
107
44
1
-47
-94
-124
-153
-189
-211
-224
-240
-250
-268
-283
-283
-293
-295
-279
-277
-270
-249
-230
-197
-154
-126
-97
-58
-23
18
62
99
126
150
176
193
222
255
270
285
307
320
343
361
354
355
346
340
335
324
308
283
244
207
174
133
90
41
-9
-50
-95
-143
-181
-223
-264
-299
-339
-367
-383
-405
-431
-458
-480
-487
-491
-485
-484
-494
-470
-460
-449
-406
-391
-382
-342
-324
-290
-237
-219
-194
-159
-149
-121
-88
-83
-60
-41
-32
-6
11
25
42
36
36
50
48
52
55
39
29
29
31
24
14
14
2
3
13
13
13
15
21
39
75
100
134
169
191
230
278
314
356
380
396
424
447
473
493
513
528
533
544
554
552
546
522
493
487
460
432
413
358
315
287
236
199
158
75
15
-29
-90
-128
-165
-225
-267
-300
-332
-340
-356
-383
-396
-400
-409
-412
-411
-424
-438
-438
-422
-399
-360
-326
-283
-229
-191
-138
-83
-45
0
44
71
121
158
177
215
227
234
256
268
273
278
258
234
223
201
172
139
95
53
10
-33
-81
-142
-201
-264
-320
-352
-397
-448
-479
-513
-525
-519
-526
-532
-541
-546
-532
-528
-532
-532
-528
-518
-507
-484
-452
-412
-373
-335
-293
-249
-217
-180
-131
-103
-81
-44
-22
14
45
52
90
131
155
188
205
209
235
251
268
299
321
341
367
387
407
438
471
495
511
529
554
585
616
642
667
686
705
725
744
763
772
774
760
743
729
699
659
621
572
521
470
402
336
275
197
129
63
-3
-65
-134
-204
-259
-314
-371
-413
-451
-494
-524
-543
-564
-576
-580
-593
-604
-587
-572
-556
-535
-509
-488
-450
-416
-387
-340
-303
-258
-206
-157
-95
-34
-2
37
82
130
186
224
251
283
314
333
353
369
357
328
306
275
236
190
129
69
7
-56
-106
-156
-213
-266
-325
-396
-447
-494
-548
-593
-645
-680
-692
-708
-721
-724
-721
-705
-683
-655
-625
-606
-592
-567
-536
-501
-474
-454
-431
-409
-378
-345
-315
-283
-254
-228
-197
-164
-127
-96
-69
-50
-30
-4
10
32
62
77
98
125
158
199
234
255
282
324
360
396
436
475
515
566
614
663
721
758
806
853
894
953
1005
1038
1074
1091
1113
1150
1162
1156
1149
1124
1101
1067
1010
959
883
799
723
635
554
475
374
272
173
85
3
-90
-188
-283
-374
-452
-514
-573
-620
-664
-700
-726
-739
-741
-746
-752
-748
-739
-722
-696
-657
-616
-581
-538
-486
-427
-369
-330
-294
-234
-182
-132
-76
-34
11
41
63
98
131
149
155
147
134
117
95
62
10
-39
-90
-146
-195
-245
-311
-382
-456
-525
-575
-627
-681
-735
-782
-820
-850
-869
-877
-894
-906
-908
-893
-848
-816
-786
-740
-692
-626
-554
-494
-430
-367
-299
-240
-192
-135
-89
-47
-3
36
82
129
160
190
211
235
269
291
304
314
319
319
327
341
353
355
362
374
390
399
423
458
486
519
573
628
680
740
786
834
889
950
1012
1067
1115
1152
1194
1238
1259
1280
1299
1296
1295
1282
1253
1219
1160
1083
1007
928
838
735
622
510
394
280
167
50
-55
-175
-289
-389
-495
-587
-677
-770
-845
-909
-959
-993
-1020
-1033
-1049
-1058
-1052
-1036
-1009
-985
-948
-895
-843
-780
-714
-658
-593
-518
-445
-369
-297
-211
-144
-83
-13
53
124
191
246
295
340
367
385
391
385
372
345
293
236
181
117
43
-43
-138
-220
-313
-409
-494
-596
-682
-762
-860
-923
-980
-1044
-1085
-1111
-1127
-1128
-1129
-1123
-1091
-1061
-1023
-965
-911
-841
-757
-685
-586
-481
-386
-289
-193
-106
-19
57
115
175
240
294
332
378
425
454
468
483
504
523
540
546
546
555
577
594
610
628
648
669
680
708
736
765
798
824
856
895
929
962
990
1024
1059
1072
1094
1118
1131
1136
1135
1130
1125
1117
1092
1051
1008
963
913
858
800
729
646
563
473
374
286
190
85
-18
-126
-227
-323
-422
-522
-613
-688
-762
-836
-891
-945
-986
-1008
-1032
-1044
-1058
-1067
-1064
-1048
-1035
-1007
-957
-898
-832
-766
-695
-611
-524
-449
-371
-305
-233
-157
-93
-27
29
85
144
181
206
227
240
255
246
226
207
183
152
113
64
20
-37
-112
-184
-258
-333
-416
-501
-584
-666
-740
-803
-860
-911
-955
-990
-1014
-1028
-1032
-1024
-1001
-964
-918
-866
-798
-723
-644
-555
-469
-384
-286
-206
-131
-46
30
109
187
255
312
367
418
473
517
555
602
636
656
670
680
701
709
701
701
698
712
730
733
737
753
783
816
855
894
930
984
1042
1087
1137
1171
1201
1225
1232
1243
1252
1242
1225
1192
1150
1114
1073
1012
937
855
773
693
612
527
431
326
229
131
34
-69
-180
-291
-402
-511
-605
-693
-795
-895
-974
-1039
-1092
-1133
-1169
-1189
-1194
-1193
-1177
-1161
-1141
-1109
-1067
-1025
-975
-908
-849
-795
-727
-648
-561
-470
-387
-307
-230
-137
-33
65
159
228
295
365
430
483
508
518
522
505
504
491
447
400
342
287
234
167
96
8
-89
-185
-270
-341
-430
-530
-629
-718
-784
-853
-919
-978
-1035
-1065
-1085
-1090
-1084
-1085
-1058
-1019
-965
-889
-810
-732
-654
-571
-471
-364
-272
-182
-106
-27
67
147
204
252
290
317
356
396
414
426
432
444
466
484
497
508
508
519
542
578
612
628
647
679
730
795
855
906
963
1027
1093
1157
1224
1266
1286
1303
1317
1340
1338
1311
1274
1228
1190
1144
1077
997
896
792
706
618
525
435
337
227
131
46
-42
-141
-244
-358
-451
-538
-626
-698
-773
-849
-910
-964
-1007
-1053
-1100
-1131
-1154
-1156
-1142
-1135
-1133
-1119
-1092
-1051
-993
-936
-877
-809
-735
-644
-546
-451
-361
-282
-203
-104
-2
88
162
224
285
345
403
443
456
455
452
458
459
435
395
339
284
228
176
127
56
-33
-111
-173
-222
-278
-358
-450
-533
-597
-653
-702
-757
-817
-866
-892
-885
-869
-866
-861
-834
-786
-723
-656
-595
-539
-477
-396
-298
-212
-139
-77
-20
47
123
189
244
273
304
342
374
414
433
433
432
433
444
454
449
433
416
405
419
439
462
476
493
534
595
669
747
809
862
941
1027
1110
1184
1234
1262
1294
1321
1339
1336
1305
1259
1204
1154
1097
1034
942
825
714
617
525
428
314
201
91
-12
-93
-186
-296
-405
-515
-611
-697
-773
-852
-937
-1010
-1068
-1105
-1128
-1153
-1185
-1199
-1197
-1184
-1164
-1149
-1138
-1125
-1100
-1061
-1005
-949
-896
-832
-762
-685
-585
-496
-416
-332
-254
-149
-42
42
135
220
289
376
439
488
529
529
521
525
515
502
473
422
381
326
268
213
146
74
-13
-96
-171
-250
-320
-399
-484
-545
-597
-646
-679
-719
-761
-779
-801
-806
-788
-784
-770
-742
-698
-637
-580
-517
-451
-380
-304
-225
-144
-73
-19
50
118
177
239
288
319
353
396
426
454
474
486
492
496
503
498
483
474
472
482
503
526
547
571
615
666
724
786
842
907
971
1025
1094
1143
1185
1225
1240
1261
1274
1268
1249
1212
1173
1133
1068
990
886
767
647
522
398
272
148
34
-75
-183
-273
-367
-466
-554
-650
-731
-790
-849
-908
-962
-1001
-1029
-1055
-1078
-1089
-1106
-1115
-1115
-1123
-1110
-1091
-1091
-1074
-1046
-1020
-974
-933
-896
-842
-783
-721
-642
-579
-517
-435
-354
-258
-171
-95
-10
66
140
231
307
366
414
450
489
513
528
517
487
467
432
398
357
286
221
148
69
7
-56
-138
-200
-255
-315
-334
-361
-395
-403
-417
-433
-426
-422
-429
-431
-422
-398
-369
-343
-305
-272
-233
-180
-132
-80
-34
-5
27
66
108
152
180
206
226
234
258
275
269
269
266
244
248
255
243
238
227
239
265
273
293
316
342
384
435
495
558
619
690
763
849
923
991
1069
1129
1187
1247
1299
1325
1332
1325
1313
1295
1252
1193
1126
1042
944
822
694
565
427
288
155
24
-96
-213
-330
-442
-570
-703
-816
-934
-1034
-1122
-1214
-1285
-1340
-1383
-1391
-1385
-1389
-1386
-1375
-1352
-1313
-1271
-1244
-1220
-1200
-1160
-1103
-1058
-1016
-965
-906
-844
-775
-692
-607
-532
-445
-359
-268
-167
-81
-8
71
150
220
290
344
385
411
429
453
491
517
514
504
488
472
451
419
378
306
240
192
138
97
52
-12
-75
-136
-184
-212
-255
-294
-318
-333
-322
-289
-258
-230
-210
-175
-112
-46
33
106
145
178
223
267
311
345
364
375
384
394
398
389
376
349
317
309
303
285
255
213
183
165
142
128
125
106
81
85
123
168
205
248
313
401
492
595
691
767
839
922
1004
1082
1148
1173
1196
1216
1221
1228
1203
1142
1073
1000
947
895
808
708
591
462
369
285
190
85
-32
-127
-211
-314
-399
-501
-637
-747
-841
-927
-1002
-1088
-1161
-1218
-1267
-1290
-1288
-1298
-1307
-1313
-1307
-1277
-1249
-1241
-1249
-1237
-1207
-1182
-1148
-1096
-1041
-982
-899
-804
-707
-599
-509
-435
-346
-246
-140
-53
22
107
184
264
337
385
432
468
498
550
587
621
651
652
654
635
583
518
458
399
318
236
175
127
69
-1
-58
-109
-162
-191
-198
-198
-202
-204
-191
-197
-186
-158
-146
-135
-118
-78
-32
-22
-15
0
6
28
43
41
48
58
66
65
63
62
48
16
-15
-36
-69
-149
-252
-304
-298
-286
-295
-290
-243
-177
-136
-74
71
214
330
501
753
1060
1281
1390
1527
1690
1803
1858
1889
1928
1943
1870
1763
1667
1527
1308
1075
904
788
640
436
254
79
-108
-306
-496
-606
-684
-745
-740
-731
-704
-674
-715
-738
-721
-693
-641
-596
-519
-410
-332
-294
-275
-276
-297
-336
-384
-406
-437
-489
-561
-646
-740
-846
-961
-1055
-1113
-1154
-1141
-1104
-1066
-1005
-944
-887
-836
-794
-710
-591
-475
-336
-175
-37
61
130
183
209
199
212
286
375
438
482
497
487
439
332
213
73
-54
-143
-217
-264
-316
-402
-479
-507
-493
-429
-325
-204
-57
98
222
330
384
376
376
375
402
439
432
400
324
212
86
-79
-236
-355
-439
-483
-507
-532
-562
-592
-631
-647
-627
-600
-568
-532
-472
-419
-417
-420
-396
-343
-253
-127
57
238
388
551
709
869
1033
1233
1482
1723
1968
2184
2288
2295
2256
2159
1968
1731
1518
1273
961
656
426
203
-36
-197
-247
-239
-212
-148
-69
-19
20
79
141
222
324
403
454
489
480
377
208
50
-100
-264
-396
-475
-537
-615
-674
-705
-771
-836
-833
-778
-713
-638
-521
-424
-390
-347
-312
-325
-380
-428
-419
-410
-402
-396
-448
-518
-603
-690
-775
-873
-917
-904
-836
-723
-627
-567
-554
-562
-537
-484
-399
-300
-163
73
349
532
553
475
356
195
56
-11
-74
-222
-381
-436
-448
-509
-603
-619
-509
-289
3
286
484
578
567
491
437
374
269
190
165
192
164
28
-171
-435
-673
-844
-927
-907
-853
-763
-660
-598
-566
-602
-677
-704
-640
-526
-446
-374
-346
-416
-508
-590
-637
-610
-471
-199
65
313
546
713
854
1007
1272
1545
1783
2150
2519
2743
2756
2618
2410
2023
1630
1359
1052
693
373
184
47
-101
-164
-152
-115
18
285
529
660
773
839
802
753
699
620
462
273
171
29
-204
-423
-619
-768
-856
-823
-687
-568
-426
-243
-87
27
124
205
219
197
224
240
156
-1
-167
-333
-559
-796
-936
-1036
-1143
-1172
-1110
-1057
-1007
-920
-819
-716
-644
-555
-462
-402
-291
-184
-167
-194
-245
-333
-429
-507
-510
-491
-430
-192
114
311
360
370
352
206
90
108
88
-69
-238
-302
-387
-557
-659
-602
-441
-224
78
384
534
514
391
231
77
-71
-197
-264
-268
-241
-291
-454
-651
-870
-1080
-1182
-1143
-1017
-875
-719
-554
-444
-422
-488
-582
-606
-579
-546
-545
-584
-620
-704
-820
-823
-697
-525
-340
-53
384
793
1085
1348
1663
1924
2064
2282
2600
2836
2888
2793
2606
2235
1706
1143
605
159
-221
-493
-603
-567
-374
-117
172
522
876
1169
1345
1473
1590
1569
1471
1373
1231
996
657
319
-16
-361
-635
-802
-843
-782
-593
-319
-82
138
338
437
458
437
381
230
-6
-204
-392
-662
-948
-1173
-1359
-1537
-1647
-1629
-1546
-1437
-1268
-1010
-717
-443
-172
30
157
246
291
277
186
98
-9
-209
-409
-542
-683
-863
-1003
-1059
-1084
-1093
-975
-710
-392
-29
442
929
1260
1398
1356
1134
769
406
89
-245
-595
-898
-1124
-1233
-1138
-860
-487
-36
485
962
1266
1348
1234
889
332
-271
-769
-1114
-1365
-1461
-1411
-1376
-1401
-1478
-1549
-1587
-1609
-1518
-1288
-1010
-733
-484
-300
-224
-262
-367
-581
-856
-1075
-1169
-1091
-913
-587
-177
100
285
518
855
1180
1501
1953
2391
2691
2923
3148
3257
3038
2627
2185
1655
1122
701
419
140
-183
-401
-501
-471
-262
110
612
1106
1588
2015
2196
2226
2092
1757
1338
904
590
347
116
-79
-301
-550
-862
-1137
-1239
-1193
-968
-624
-177
321
676
897
979
884
600
116
-371
-790
-1156
-1415
-1588
-1661
-1711
-1735
-1657
-1546
-1382
-1165
-915
-637
-355
-58
191
377
507
494
338
65
-245
-532
-789
-935
-974
-979
-947
-855
-709
-591
-514
-433
-365
-297
-162
73
368
684
1017
1308
1514
1600
1496
1150
601
40
-478
-962
-1285
-1423
-1415
-1299
-1021
-536
63
657
1200
1662
1906
1814
1429
855
117
-707
-1458
-1995
-2268
-2282
-2073
-1764
-1503
-1351
-1294
-1301
-1323
-1251
-1097
-916
-641
-308
37
259
292
208
-59
-450
-803
-981
-972
-873
-568
-116
252
507
714
938
1158
1444
1942
2546
3077
3413
3542
3398
2875
2138
1314
516
-85
-478
-622
-599
-474
-172
194
603
1068
1514
1921
2236
2492
2635
2524
2212
1765
1239
687
135
-340
-722
-992
-1184
-1309
-1355
-1361
-1321
-1179
-895
-483
-79
311
689
921
961
785
429
-98
-757
-1377
-1876
-2242
-2458
-2494
-2339
-2086
-1782
-1424
-1083
-758
-394
-48
229
461
613
647
601
511
331
3
-436
-839
-1162
-1413
-1478
-1347
-1120
-859
-541
-239
-79
-7
15
-19
-41
22
195
415
736
1234
1674
1809
1663
1354
799
81
-433
-739
-1027
-1269
-1298
-1048
-713
-322
225
784
1186
1445
1646
1655
1296
677
-62
-865
-1585
-2034
-2109
-1923
-1621
-1272
-981
-831
-794
-788
-787
-782
-778
-746
-606
-398
-207
-53
-13
-96
-238
-378
-431
-433
-446
-431
-347
-233
-103
26
92
73
36
144
490
1027
1767
2644
3447
3991
4136
3936
3370
2488
1592
816
214
-212
-433
-372
-153
144
517
919
1299
1573
1823
2048
2098
1968
1692
1341
945
505
153
-122
-357
-556
-724
-845
-1035
-1278
-1462
-1548
-1502
-1352
-1033
-543
-61
307
490
412
32
-637
-1394
-2096
-2696
-3041
-3065
-2802
-2339
-1794
-1220
-716
-342
-23
253
437
533
600
628
574
460
299
26
-401
-874
-1256
-1522
-1641
-1563
-1316
-994
-655
-314
0
217
336
394
390
381
407
488
599
678
734
767
803
968
1233
1476
1570
1431
1063
511
8
-300
-470
-541
-579
-554
-462
-299
-15
316
634
863
965
959
736
295
-344
-1123
-1823
-2307
-2436
-2199
-1670
-990
-415
-14
171
133
-81
-379
-613
-789
-831
-658
-358
-47
153
229
148
-119
-429
-709
-926
-1069
-1086
-825
-407
45
500
894
1287
1657
2147
2884
3669
4279
4517
4427
3982
3141
2128
1089
154
-701
-1356
-1493
-1249
-739
-35
699
1350
1696
1825
1875
1753
1512
1191
872
595
331
222
199
125
-69
-494
-1064
-1711
-2312
-2702
-2868
-2734
-2337
-1734
-999
-297
265
497
313
-182
-887
-1592
-2152
-2515
-2603
-2506
-2294
-2003
-1639
-1175
-756
-401
-86
159
351
487
660
892
1031
1017
876
645
294
-136
-486
-750
-934
-981
-884
-633
-335
-54
195
321
356
353
331
340
370
415
464
489
521
594
806
1164
1526
1816
1873
1621
1098
457
-40
-395
-651
-801
-889
-941
-923
-705
-253
250
697
1056
1266
1214
901
462
-107
-781
-1422
-1866
-2009
-1861
-1444
-868
-359
-7
133
60
-105
-302
-481
-613
-672
-574
-352
-80
177
322
256
-64
-496
-891
-1179
-1273
-1197
-966
-617
-217
216
649
1132
1681
2276
2958
3653
4240
4491
4273
3670
2741
1668
611
-271
-878
-1301
-1475
-1326
-860
-157
566
1260
1790
2005
1985
1785
1520
1171
712
299
-97
-439
-690
-903
-1075
-1362
-1792
-2328
-2907
-3323
-3481
-3296
-2741
-1912
-957
-86
641
1148
1284
1037
451
-326
-1161
-1941
-2461
-2646
-2589
-2327
-1868
-1257
-589
51
651
1144
1464
1644
1723
1703
1593
1400
1106
703
264
-180
-644
-1064
-1403
-1627
-1681
-1557
-1191
-676
-174
273
615
856
1010
1124
1188
1175
1137
1068
1020
1103
1368
1723
1894
1804
1464
811
-18
-729
-1130
-1285
-1324
-1205
-931
-628
-269
241
830
1313
1588
1676
1569
1201
621
-71
-866
-1698
-2415
-2842
-2854
-2500
-1886
-1186
-565
-125
25
-7
-134
-331
-493
-648
-685
-599
-489
-258
-49
74
6
-337
-734
-1140
-1362
-1340
-1141
-736
-360
61
538
990
1594
2226
2976
3776
4407
4909
4915
4375
3378
2018
652
-644
-1563
-2015
-2125
-1764
-1091
-153
816
1505
1985
2043
1740
1318
867
561
278
62
-99
-375
-666
-997
-1318
-1700
-2200
-2620
-3024
-3289
-3268
-2970
-2353
-1601
-717
190
868
1313
1455
1297
850
163
-514
-1156
-1694
-2011
-2096
-1924
-1625
-1196
-650
-111
391
816
1195
1536
1787
1961
2030
1921
1586
1063
426
-248
-886
-1451
-1838
-1952
-1775
-1312
-640
75
677
1052
1188
1171
1083
974
875
834
838
896
1029
1294
1698
2008
2098
1868
1151
64
-1080
-1924
-2322
-2306
-1907
-1362
-884
-453
37
626
1175
1657
1998
2062
1819
1267
502
-473
-1595
-2584
-3258
-3454
-3120
-2358
-1368
-482
150
440
399
166
-172
-468
-677
-744
-570
-253
125
424
478
260
-223
-806
-1273
-1541
-1580
-1427
-1087
-616
-162
265
723
1193
1688
2340
3236
4134
4752
4999
4765
3963
2673
1193
-216
-1468
-2377
-2775
-2618
-1991
-1036
144
1264
2033
2355
2203
1679
946
238
-262
-573
-677
-626
-567
-592
-760
-1080
-1562
-2147
-2646
-2971
-3069
-2879
-2415
-1689
-793
178
1049
1632
1845
1646
1115
421
-300
-921
-1414
-1737
-1847
-1812
-1651
-1379
-991
-553
-159
239
640
1030
1416
1765
2029
2074
1883
1515
971
366
-222
-758
-1189
-1483
-1525
-1303
-859
-245
362
826
1000
916
743
552
406
311
299
412
571
968
1679
2377
2677
2333
1488
299
-959
-1778
-2053
-1989
-1843
-1575
-1058
-452
234
900
1430
1719
1697
1585
1340
842
86
-901
-1841
-2563
-2873
-2625
-2013
-1250
-579
-148
8
-81
-287
-562
-801
-967
-994
-734
-333
60
320
266
-145
-821
-1388
-1673
-1730
-1527
-1098
-505
27
466
929
1232
1311
1380
1713
2330
3056
3860
4465
4530
3982
3028
1939
752
-382
-1283
-1933
-2242
-2118
-1447
-410
626
1522
2043
2075
1687
1060
415
-217
-715
-930
-916
-756
-592
-528
-689
-1132
-1711
-2301
-2720
-2884
-2843
-2549
-2088
-1520
-858
-211
383
801
933
812
505
144
-198
-472
-658
-829
-974
-1038
-1002
-805
-473
-81
329
710
1109
1521
1855
2081
2103
1902
1569
1172
836
579
298
-27
-366
-679
-947
-1078
-984
-758
-481
-237
-44
138
214
205
169
72
-34
12
449
1190
1931
2398
2306
1619
526
-570
-1354
-1878
-2159
-2304
-2277
-1929
-1265
-284
762
1642
2208
2413
2364
2033
1384
425
-720
-1752
-2411
-2463
-1944
-1148
-402
12
116
-53
-401
-793
-1237
-1651
-1929
-1897
-1472
-785
-34
455
561
275
-291
-851
-1303
-1515
-1494
-1282
-796
-213
419
910
1148
1290
1259
1374
1822
2508
3272
3740
3904
3610
2864
2044
1205
449
-249
-786
-925
-786
-268
482
1175
1674
1752
1590
1213
655
152
-387
-798
-1045
-1124
-911
-688
-521
-531
-824
-1268
-1808
-2160
-2291
-2270
-2061
-1785
-1397
-999
-624
-250
-66
-26
-81
-123
-34
38
76
5
-187
-426
-616
-560
-375
-160
54
219
416
622
912
1239
1407
1415
1241
1008
876
838
892
871
694
343
-119
-504
-795
-943
-993
-1030
-1029
-969
-697
-284
51
211
99
-78
-143
278
1372
2428
2848
2346
1192
-150
-1333
-1767
-1732
-1834
-2216
-2564
-2276
-1463
-270
1087
2094
2616
2636
2472
2138
1234
-176
-1832
-3203
-3784
-3383
-2132
-707
300
662
415
-55
-549
-957
-1253
-1638
-1927
-1883
-1412
-609
108
521
372
-263
-898
-1219
-1006
-581
-213
98
194
206
226
466
904
1183
1520
2098
2885
3729
4301
4520
4100
3060
1901
927
352
0
-199
-190
-103
212
694
1218
1657
1720
1523
1097
565
146
-303
-728
-1095
-1310
-1231
-1055
-773
-506
-425
-505
-781
-987
-1121
-1323
-1477
-1624
-1713
-1735
-1655
-1316
-868
-447
-136
70
198
160
33
-154
-362
-540
-679
-620
-287
209
696
1049
1246
1251
1054
750
464
203
-17
-128
5
387
806
1134
1236
997
484
-134
-621
-877
-954
-919
-918
-913
-802
-655
-582
-706
-956
-1155
-1102
-272
1312
2754
3277
2668
1309
-312
-1619
-2116
-2200
-2365
-2759
-2960
-2421
-1343
19
1277
2118
2532
2563
2559
2329
1464
10
-1790
-3226
-3718
-3142
-1858
-650
108
236
-173
-564
-741
-710
-629
-639
-617
-541
-312
-104
-152
-489
-1228
-1965
-2163
-1599
-414
761
1516
1626
1155
515
25
-42
165
444
989
1895
3081
4151
4707
4592
3692
2325
1056
204
-164
-266
-243
-120
84
462
991
1588
2061
2222
2129
1897
1609
1270
790
62
-813
-1513
-1854
-1820
-1436
-878
-422
-259
-281
-252
-228
-335
-558
-854
-1213
-1590
-1758
-1600
-1254
-919
-614
-292
-54
36
-20
-172
-473
-911
-1238
-1349
-1082
-489
174
824
1268
1435
1336
1058
717
205
-339
-733
-838
-582
-116
487
911
968
838
546
249
32
-159
-395
-764
-976
-918
-748
-573
-635
-834
-1173
-1187
-62
1563
2692
2742
1841
533
-896
-1567
-1550
-1714
-2356
-3278
-3535
-2997
-1865
-276
1138
2174
2698
2925
2955
2328
998
-945
-2914
-4074
-4020
-2787
-1241
-107
255
-280
-1129
-1669
-1586
-994
-300
429
1046
1450
1534
1134
406
-716
-1925
-2637
-2595
-1784
-688
396
1172
1428
1325
936
610
476
564
1038
1847
2876
3716
4145
4062
3412
2487
1428
561
99
-106
-107
-47
101
299
380
513
814
1224
1642
2073
2518
2681
2397
1664
608
-456
-1364
-1895
-1963
-1729
-1288
-823
-409
-61
168
215
28
-231
-474
-722
-878
-911
-854
-850
-977
-1069
-1064
-966
-821
-671
-548
-583
-744
-919
-976
-838
-585
-204
258
668
903
982
1021
860
506
108
-212
-302
-209
48
363
525
513
362
239
255
320
321
71
-329
-609
-758
-752
-746
-906
-1248
-1555
-993
457
1780
2228
1749
860
-163
-675
-450
-405
-1112
-2565
-3798
-4114
-3597
-2304
-762
727
1975
2880
3517
3443
2478
681
-1485
-3067
-3518
-2727
-1375
-260
227
-209
-1225
-2163
-2507
-2130
-1356
-372
583
1327
1704
1479
861
-43
-1062
-1800
-2021
-1604
-940
-320
31
-59
-263
-452
-433
-80
527
1328
2181
3163
4017
4411
4188
3337
2312
1372
726
489
466
526
483
425
431
366
296
294
516
1009
1685
2471
3010
3035
2518
1570
542
-263
-718
-914
-996
-1012
-1075
-1183
-1241
-1159
-938
-729
-498
-234
-48
-10
-156
-439
-842
-1260
-1480
-1479
-1295
-1017
-784
-698
-795
-965
-1139
-1278
-1179
-774
-131
612
1222
1560
1525
1207
721
148
-326
-612
-590
-260
261
827
1162
1190
901
434
48
-236
-328
-352
-478
-536
-538
-472
-417
-533
-828
-1363
-1410
-463
719
1304
1002
329
-345
-627
33
776
588
-735
-2475
-3569
-3845
-3281
-2240
-1065
241
1470
2613
3196
2829
1587
-266
-1816
-2416
-1960
-948
-223
2
-402
-1287
-2100
-2465
-2190
-1501
-591
370
1087
1452
1293
673
-152
-935
-1287
-1173
-695
-82
330
297
-342
-989
-1090
-751
-135
585
1354
1935
2382
3029
3662
3868
3401
2632
2081
1756
1643
1539
1214
588
-151
-496
-374
15
449
731
937
1169
1560
2018
2218
2068
1572
938
501
430
586
517
118
-480
-1167
-1630
-1689
-1370
-874
-434
-97
92
149
90
-133
-477
-860
-1061
-976
-798
-600
-462
-575
-968
-1461
-1826
-2044
-2013
-1626
-940
-81
649
1143
1411
1421
1198
722
191
-230
-569
-729
-676
-426
-126
80
245
336
356
270
36
-296
-794
-1264
-1420
-1237
-775
-331
-103
-240
-599
-434
261
749
567
-21
-466
-589
60
1275
1890
1228
-526
-2291
-3329
-3430
-2698
-1669
-500
605
1512
2171
2160
1367
-32
-1421
-2040
-1699
-716
66
143
-469
-1524
-2421
-2763
-2410
-1520
-505
368
839
918
760
388
-23
-306
-248
99
445
664
567
99
-691
-1405
-1480
-984
-111
835
1622
2123
2168
2155
2289
2493
2643
2684
2851
2962
2920
2752
2270
1492
470
-396
-765
-702
-265
255
677
919
1084
1383
1587
1597
1433
1046
630
423
529
615
489
253
-222
-786
-1179
-1289
-1117
-856
-582
-310
-94
32
44
-38
-225
-433
-565
-727
-918
-1034
-1117
-1229
-1365
-1453
-1542
-1688
-1703
-1470
-1043
-572
-149
219
496
745
987
1066
879
467
-58
-523
-682
-547
-371
-250
-167
-112
-109
-121
-124
-202
-421
-648
-676
-486
-215
-62
-134
-530
-1079
-1217
-683
284
1079
1288
916
292
24
220
694
909
284
-894
-1934
-2248
-1955
-1423
-816
-317
218
731
1099
1173
689
-143
-963
-1282
-953
-483
-369
-806
-1516
-2157
-2400
-1894
-864
165
727
728
455
170
-32
-183
-138
131
356
478
518
294
-268
-927
-1261
-1129
-582
169
729
1053
1246
1384
1516
1721
2120
2485
2720
2853
2790
2485
1959
1542
1273
998
784
588
452
359
322
395
493
722
1031
1273
1421
1434
1222
734
310
207
304
474
585
528
177
-392
-792
-841
-662
-445
-292
-237
-324
-456
-561
-605
-578
-639
-768
-790
-732
-694
-855
-1248
-1667
-2027
-2266
-2230
-1825
-1175
-627
-287
-55
117
271
409
547
538
247
-139
-292
-36
389
637
617
343
-80
-482
-651
-581
-560
-687
-793
-672
-260
115
185
-142
-782
-1409
-1724
-1154
104
1051
1294
999
619
275
205
597
771
403
-380
-1061
-1291
-1298
-1110
-954
-640
1
631
1210
1462
1175
345
-726
-1267
-1069
-527
-220
-439
-1000
-1775
-2268
-2032
-1295
-442
48
69
-92
-168
0
193
309
302
90
-57
-77
-36
-136
-536
-948
-1171
-952
-372
221
763
1057
1065
920
877
1180
1783
2593
3170
3214
2847
2280
1760
1423
1412
1538
1458
1270
1153
1088
993
868
827
799
729
790
967
968
628
215
-18
-41
207
507
552
230
-345
-816
-907
-587
-112
199
193
-143
-679
-1207
-1497
-1473
-1242
-930
-614
-363
-316
-596
-1085
-1562
-1905
-1963
-1641
-1064
-481
-127
-92
-259
-391
-365
-218
18
259
292
149
108
265
521
700
723
626
462
274
108
-18
-197
-489
-805
-937
-777
-627
-738
-1077
-1439
-1648
-1665
-1204
-334
418
641
504
555
727
860
962
957
755
304
-58
-249
-449
-769
-1148
-1117
-582
153
727
969
870
366
-215
-472
-268
174
333
46
-511
-1155
-1685
-1878
-1600
-1109
-728
-462
-251
-118
-160
-280
-356
-392
-222
43
111
-147
-624
-992
-1188
-1104
-790
-553
-445
-448
-357
-138
238
771
1190
1643
2116
2472
2629
2470
2205
1824
1367
1145
1354
1919
2320
2405
2339
2086
1755
1422
1187
1067
899
711
481
309
253
136
41
-13
-13
-54
-261
-338
-199
33
252
427
542
352
-86
-478
-771
-1006
-1219
-1274
-1206
-1176
-1116
-1132
-1240
-1363
-1497
-1575
-1548
-1295
-957
-723
-536
-437
-392
-333
-246
-164
-199
-281
-385
-428
-273
-73
141
381
563
684
795
917
845
533
139
-334
-772
-976
-889
-694
-619
-653
-837
-1085
-1161
-1070
-846
-621
-449
-206
154
917
1836
2184
1722
921
529
529
863
1379
1354
546
-607
-1231
-1006
-412
156
345
245
39
-278
-455
-386
-181
-178
-438
-554
-536
-617
-847
-1102
-1148
-1007
-647
-175
146
192
-318
-1008
-1238
-916
-427
-234
-251
-550
-1116
-1510
-1468
-954
-497
-275
-120
-94
-60
-85
13
419
1055
1713
1987
2026
1940
1574
1111
858
1077
1508
1859
2239
2585
2703
2478
2099
1866
1679
1423
1123
860
599
145
-304
-567
-589
-398
-237
-43
143
217
244
164
109
29
-153
-266
-334
-394
-536
-789
-1092
-1398
-1575
-1672
-1663
-1529
-1374
-1202
-1062
-937
-840
-839
-889
-905
-866
-782
-668
-559
-514
-510
-505
-557
-598
-600
-555
-328
49
480
913
1283
1504
1442
1171
842
454
114
-75
-103
-138
-311
-490
-630
-688
-654
-526
-258
-25
98
150
168
230
252
419
795
1055
1030
830
810
987
1147
1227
1063
707
327
152
316
483
451
138
-245
-382
-424
-571
-814
-914
-899
-916
-745
-448
-304
-328
-338
-223
-155
-117
-102
-190
-337
-615
-893
-996
-927
-837
-882
-927
-1029
-1208
-1240
-1086
-770
-546
-507
-575
-608
-420
-293
-263
-108
132
244
151
237
466
505
620
1064
1645
1894
1788
1762
1888
2125
2426
2702
2845
2612
2045
1328
710
348
26
-220
-234
-73
75
115
254
349
212
3
-187
-215
-127
-77
-123
-287
-487
-816
-1219
-1491
-1625
-1686
-1723
-1629
-1379
-1070
-780
-622
-531
-449
-475
-553
-594
-616
-757
-1051
-1238
-1279
-1262
-1113
-873
-578
-332
-172
17
244
546
861
1093
1274
1356
1306
1126
877
641
349
76
-131
-259
-321
-422
-417
-297
-152
43
270
516
626
599
539
437
380
377
429
507
485
524
660
836
989
961
887
845
954
1252
1355
1145
606
-99
-665
-968
-901
-824
-926
-1026
-1099
-1065
-1006
-803
-403
-67
216
331
263
104
-169
-388
-567
-725
-865
-1041
-1144
-1244
-1363
-1497
-1630
-1575
-1371
-1067
-663
-286
-98
-178
-261
-201
-160
-134
-187
-491
-891
-1050
-744
-139
533
1107
1343
1314
1254
1346
1656
2092
2512
2762
2827
2726
2378
1936
1621
1382
1123
904
860
829
609
354
217
141
80
65
78
23
-80
-201
-379
-600
-901
-1310
-1757
-2016
-2012
-1960
-1861
-1571
-1181
-878
-675
-503
-387
-283
-160
-91
-91
-196
-507
-972
-1252
-1232
-1113
-936
-629
-294
-150
-198
-183
-15
220
416
561
751
853
725
505
350
257
81
-107
-168
-193
-224
-222
-50
206
345
468
660
879
985
891
739
613
479
330
134
-104
-318
-424
-418
-295
-16
245
500
1033
1688
1908
1587
1216
1081
1024
974
876
495
-259
-1049
-1360
-1220
-1011
-873
-730
-500
-270
-134
-107
-130
-76
-93
-247
-313
-362
-588
-902
-1032
-1066
-1328
-1595
-1574
-1348
-1091
-938
-817
-806
-899
-927
-880
-694
-466
-253
-100
-84
-79
-134
-183
-158
-138
-114
-205
-209
89
557
1008
1284
1462
1560
1643
1896
2182
2343
2320
2086
1856
1763
1786
1706
1457
1235
1028
901
925
967
869
543
115
-319
-737
-1053
-1255
-1311
-1257
-1222
-1298
-1440
-1479
-1423
-1335
-1139
-938
-875
-863
-740
-483
-337
-352
-432
-616
-760
-706
-575
-455
-343
-264
-264
-258
-68
124
119
44
60
90
-13
-150
-275
-453
-625
-718
-694
-569
-401
-224
-17
313
641
745
803
930
1072
1207
1270
1245
1073
797
575
419
329
182
-87
-334
-461
-380
-183
58
346
564
735
816
790
719
527
412
456
545
626
461
90
-278
-407
-134
173
266
79
-332
-616
-605
-271
37
-1
-234
-557
-797
-957
-1084
-1102
-1055
-898
-725
-623
-575
-722
-880
-902
-806
-594
-485
-444
-394
-344
-229
-147
-8
149
152
95
5
-45
-13
8
-17
-104
-150
-155
-201
-97
183
511
786
1005
1204
1245
1127
983
952
1131
1306
1312
1171
980
871
859
1005
1207
1192
917
594
430
417
330
97
-159
-399
-567
-569
-510
-535
-599
-628
-621
-624
-616
-663
-868
-1074
-1128
-1045
-854
-571
-288
-129
-81
-90
-134
-120
23
269
429
430
408
301
61
-221
-483
-792
-1193
-1374
-1307
-1249
-1117
-842
-564
-387
-239
-6
183
338
598
856
1016
1077
1069
923
712
543
267
-83
-316
-412
-409
-320
-76
205
396
643
867
915
816
659
546
452
410
408
333
187
-2
-225
-498
-758
-848
-667
-125
541
838
640
329
367
601
776
874
582
-228
-1068
-1308
-1018
-832
-925
-1105
-1217
-1246
-1187
-961
-667
-380
-171
-64
26
25
-73
-97
165
659
877
704
469
282
108
-90
-227
-306
-462
-538
-421
-140
148
261
336
433
508
417
148
44
155
281
342
382
375
147
-125
-235
-241
-178
-136
-20
277
576
688
544
364
308
268
302
487
750
881
833
848
885
745
434
117
-89
-277
-449
-531
-486
-308
-111
29
68
40
16
-49
2
218
381
462
519
599
606
422
117
-246
-637
-973
-1158
-1163
-1107
-1092
-1135
-1126
-1000
-824
-583
-307
-111
-66
-131
-180
-182
-170
-203
-262
-347
-523
-694
-728
-616
-435
-277
-122
31
150
243
291
389
542
678
812
1018
1266
1361
1293
1117
802
408
62
-31
104
265
400
409
297
191
129
180
276
326
258
15
-293
-596
-788
-837
-749
-547
-437
-468
-465
-295
-38
58
-33
-235
-533
-729
-633
-200
263
451
517
602
677
666
578
445
198
-47
-104
4
184
296
318
288
202
119
12
-113
-136
-69
4
73
114
72
-80
-302
-544
-762
-901
-920
-840
-758
-738
-801
-943
-1092
-1165
-1137
-1072
-1017
-913
-680
-331
2
275
475
587
655
648
589
533
497
546
754
1087
1355
1429
1408
1433
1549
1660
1694
1689
1624
1531
1454
1387
1265
955
543
183
-72
-248
-412
-510
-536
-552
-593
-678
-732
-775
-841
-821
-707
-616
-653
-789
-915
-1026
-1186
-1362
-1455
-1461
-1479
-1487
-1420
-1333
-1280
-1211
-1022
-809
-694
-647
-572
-416
-196
88
386
569
612
582
553
585
686
835
961
1083
1190
1192
1083
965
972
1062
1193
1367
1457
1337
1015
665
353
43
-186
-292
-342
-403
-403
-333
-325
-391
-503
-660
-776
-786
-662
-519
-427
-261
-111
55
350
539
407
107
86
375
626
787
789
487
32
-118
223
512
384
112
6
149
409
708
852
677
377
119
-53
-232
-549
-890
-1036
-871
-579
-519
-686
-911
-1078
-1156
-1153
-1088
-1091
-1152
-1150
-1039
-847
-728
-684
-606
-471
-371
-496
-766
-947
-998
-965
-870
-716
-590
-567
-491
-243
74
360
647
989
1309
1521
1593
1491
1348
1358
1509
1720
1948
2105
2088
1963
1894
1921
1908
1826
1760
1665
1479
1262
1010
681
307
-37
-300
-498
-621
-692
-844
-1147
-1493
-1841
-2173
-2349
-2326
-2218
-2111
-2013
-1891
-1789
-1676
-1473
-1272
-1121
-1027
-1018
-1068
-1112
-1011
-735
-404
-89
94
157
185
259
483
810
1114
1274
1274
1214
1129
1046
1003
994
1055
1156
1325
1550
1667
1608
1425
1186
978
849
809
781
749
753
739
675
547
420
300
108
-54
-165
-340
-562
-744
-838
-904
-1008
-1096
-1182
-1289
-1412
-1493
-1439
-1273
-1022
-726
-410
-71
201
381
540
627
508
252
123
235
381
422
381
202
-134
-445
-503
-376
-326
-367
-340
-256
-206
-180
-133
-131
-212
-259
-231
-210
-251
-323
-361
-418
-506
-600
-708
-740
-664
-492
-293
-169
-65
13
40
34
-62
-224
-403
-539
-512
-395
-310
-323
-382
-384
-333
-208
-29
197
435
614
781
872
812
675
598
692
890
1147
1483
1739
1836
1854
1877
1841
1641
1398
1165
891
665
545
494
373
158
-45
-218
-342
-401
-465
-638
-944
-1214
-1320
-1290
-1149
-1066
-1160
-1356
-1495
-1480
-1326
-1098
-899
-844
-911
-977
-1003
-993
-917
-775
-625
-455
-219
64
289
439
525
524
436
348
368
483
622
828
1083
1301
1476
1593
1640
1606
1493
1398
1356
1298
1183
1049
911
722
463
183
-46
-225
-329
-293
-186
-122
-120
-148
-171
-211
-305
-449
-628
-769
-832
-854
-862
-887
-936
-1043
-1188
-1322
-1428
-1430
-1296
-1045
-768
-637
-608
-592
-585
-508
-394
-285
-223
-216
-177
-140
-135
-165
-239
-273
-204
-18
228
424
588
765
928
1017
1040
1002
844
682
630
655
676
593
479
364
201
93
68
87
121
165
270
400
511
545
469
306
62
-191
-357
-386
-268
-120
-32
5
-19
-94
-178
-219
-219
-245
-307
-350
-349
-341
-324
-280
-250
-267
-313
-360
-410
-487
-546
-549
-506
-416
-327
-297
-322
-364
-407
-392
-259
-14
241
388
428
401
322
255
258
340
469
585
663
686
631
500
323
183
135
143
168
227
269
283
332
442
605
752
820
876
937
932
861
707
413
3
-401
-686
-849
-902
-870
-797
-710
-629
-497
-307
-133
2
74
64
37
55
112
147
112
7
-108
-215
-319
-383
-430
-457
-406
-227
62
346
519
588
617
603
569
583
622
562
413
237
14
-295
-665
-968
-1114
-1115
-1001
-804
-598
-419
-244
-89
-1
-22
-175
-403
-566
-596
-575
-566
-584
-665
-804
-933
-990
-953
-890
-811
-641
-409
-144
155
451
663
757
769
748
740
807
949
1071
1101
1053
955
846
795
811
842
841
838
880
932
914
861
771
603
432
306
194
52
-101
-219
-289
-312
-293
-329
-462
-645
-814
-925
-932
-837
-726
-643
-571
-490
-417
-366
-366
-384
-426
-473
-472
-479
-562
-707
-845
-906
-856
-701
-496
-338
-243
-212
-228
-249
-255
-236
-193
-100
36
197
322
392
446
461
431
381
323
273
243
234
295
416
536
651
783
923
1069
1208
1319
1401
1398
1301
1218
1134
973
751
467
129
-171
-359
-381
-277
-178
-111
-40
-25
-50
-84
-166
-287
-402
-471
-459
-397
-358
-434
-627
-859
-1048
-1145
-1171
-1103
-968
-818
-601
-298
24
301
494
596
614
606
616
623
593
462
232
-37
-293
-444
-473
-401
-259
-109
45
188
331
444
456
396
297
180
76
19
34
35
-15
-80
-166
-275
-412
-535
-628
-717
-773
-806
-816
-792
-743
-682
-643
-606
-558
-531
-496
-437
-377
-300
-170
14
183
277
313
345
418
524
641
721
749
777
825
936
1092
1221
1288
1300
1318
1362
1348
1210
962
647
313
54
-67
-131
-243
-409
-567
-656
-673
-609
-486
-372
-283
-207
-162
-159
-183
-251
-360
-446
-494
-542
-610
-701
-799
-898
-973
-981
-936
-889
-842
-771
-700
-597
-441
-269
-107
-6
19
-35
-175
-349
-541
-718
-781
-723
-563
-344
-115
108
261
353
433
486
512
536
588
669
724
736
698
603
480
393
373
430
531
627
669
654
630
618
638
722
814
865
903
948
1004
1024
922
715
439
141
-76
-182
-192
-154
-104
-22
95
237
357
387
322
199
80
-8
-67
-103
-161
-243
-313
-335
-328
-332
-350
-376
-396
-405
-398
-392
-376
-331
-274
-178
-67
0
12
-40
-106
-162
-250
-337
-404
-543
-682
-770
-810
-781
-710
-626
-532
-441
-340
-215
-95
14
115
170
192
198
170
108
9
-60
-62
-68
-63
-57
-104
-183
-270
-324
-345
-361
-330
-266
-170
-29
123
248
288
272
213
116
81
96
106
104
83
52
35
86
181
241
245
228
216
215
249
328
416
498
569
588
522
355
129
-106
-302
-400
-415
-406
-404
-403
-397
-388
-332
-250
-166
-76
18
127
212
219
138
-25
-211
-340
-382
-340
-262
-204
-192
-212
-219
-206
-193
-180
-154
-116
-46
80
234
377
450
445
391
306
224
182
142
97
68
27
-6
5
67
168
279
354
376
324
211
124
67
7
-62
-163
-256
-299
-266
-176
-96
-64
-64
-56
-3
114
235
268
236
213
234
345
518
673
738
736
750
809
866
870
794
635
439
291
227
192
156
105
75
95
178
292
353
339
264
121
-43
-187
-290
-368
-423
-409
-357
-336
-354
-427
-543
-656
-722
-728
-707
-677
-633
-591
-535
-423
-292
-190
-153
-173
-228
-289
-338
-395
-495
-629
-714
-711
-612
-454
-306
-225
-202
-179
-112
-24
32
39
-19
-114
-199
-250
-279
-292
-280
-229
-155
-95
-91
-158
-260
-339
-355
-302
-207
-98
-28
-3
-4
-44
-106
-166
-191
-153
-60
57
148
191
192
196
242
340
472
578
617
621
643
670
691
712
711
693
718
797
890
935
901
809
694
602
556
499
380
237
88
-40
-129
-174
-210
-280
-356
-412
-450
-487
-532
-587
-669
-736
-730
-673
-605
-536
-487
-487
-496
-442
-329
-217
-115
-47
-35
-40
-9
73
158
243
339
416
466
498
507
466
366
283
261
273
311
333
301
234
171
120
50
-43
-171
-329
-468
-544
-550
-535
-567
-596
-581
-534
-408
-240
-109
-29
47
144
266
380
445
443
396
395
486
600
683
698
637
586
629
739
846
881
839
761
700
702
736
739
662
525
388
272
177
39
-167
-399
-610
-738
-787
-794
-787
-815
-839
-799
-724
-644
-588
-607
-678
-775
-867
-942
-1024
-1106
-1135
-1103
-1012
-861
-722
-651
-648
-658
-648
-610
-566
-515
-456
-401
-303
-174
-54
41
106
136
172
235
307
356
360
334
317
340
415
532
628
678
701
698
673
650
627
590
548
547
578
601
621
614
565
507
446
381
292
174
58
-23
-64
-39
36
119
190
272
373
456
490
456
350
202
91
40
-11
-56
-97
-149
-183
-153
-77
-11
13
-6
-55
-122
-167
-178
-192
-228
-250
-233
-215
-204
-187
-217
-294
-350
-374
-364
-327
-279
-213
-135
-30
99
198
259
290
282
264
261
245
224
197
151
106
67
30
-2
-53
-113
-150
-160
-192
-239
-275
-307
-328
-295
-231
-179
-160
-197
-274
-379
-486
-560
-613
-670
-700
-697
-673
-609
-516
-417
-326
-249
-175
-111
-47
26
106
179
246
332
444
581
722
840
906
937
961
986
1006
1022
1010
957
886
812
736
652
583
528
458
382
310
222
113
-25
-157
-275
-367
-407
-420
-434
-459
-507
-577
-651
-702
-725
-730
-696
-624
-552
-477
-410
-341
-255
-164
-59
51
141
185
190
154
93
47
11
-18
-29
-23
-23
-10
29
74
97
99
91
60
1
-51
-90
-132
-178
-198
-178
-131
-71
-25
-13
-31
-73
-113
-145
-167
-176
-204
-249
-279
-297
-318
-324
-307
-267
-210
-150
-93
-45
-3
27
69
138
216
306
374
414
465
501
514
535
557
557
549
546
545
543
539
538
531
512
500
488
455
411
354
298
246
188
117
42
-51
-156
-223
-273
-289
-249
-226
-226
-234
-280
-334
-373
-417
-463
-513
-558
-583
-601
-622
-622
-628
-653
-650
-619
-577
-519
-468
-399
-313
-244
-176
-148
-172
-223
-261
-288
-321
-325
-306
-296
-280
-239
-210
-173
-128
-97
-55
-13
15
51
85
111
126
127
128
156
197
242
314
381
444
515
595
680
771
862
941
989
1002
979
937
898
865
836
822
823
826
825
800
758
693
619
564
517
470
410
322
216
114
16
-67
-144
-229
-314
-393
-462
-511
-540
-549
-558
-583
-615
-662
-724
-789
-860
-932
-987
-1007
-993
-964
-936
-911
-884
-857
-804
-725
-663
-628
-597
-587
-577
-551
-523
-495
-464
-413
-346
-262
-163
-68
1
33
43
52
64
85
113
138
181
238
309
399
473
524
568
601
619
626
636
665
708
765
820
855
872
871
844
798
712
609
526
444
385
343
283
225
188
160
167
194
199
184
151
120
116
121
110
82
27
-26
-69
-100
-116
-148
-187
-205
-206
-198
-185
-190
-218
-229
-227
-220
-196
-199
-229
-254
-272
-280
-299
-338
-398
-478
-533
-558
-550
-524
-500
-468
-428
-385
-343
-313
-323
-357
-389
-410
-406
-356
-294
-236
-177
-124
-83
-61
-56
-56
-58
-43
4
58
121
182
223
265
310
340
359
380
398
430
477
518
563
605
641
669
701
718
690
633
555
472
419
368
317
266
199
137
102
92
86
54
6
-64
-159
-239
-300
-367
-445
-500
-529
-532
-492
-431
-372
-316
-276
-236
-212
-213
-211
-225
-240
-225
-191
-149
-101
-50
10
73
137
196
221
229
234
241
277
314
342
366
366
348
328
285
220
150
65
-6
-71
-132
-191
-261
-340
-403
-449
-490
-525
-560
-568
-573
-596
-604
-602
-609
-600
-579
-548
-511
-461
-388
-295
-187
-86
-3
75
148
206
280
358
417
469
529
600
681
747
792
809
788
762
728
676
641
606
563
551
536
495
437
353
261
198
142
88
43
-1
-36
-57
-73
-78
-100
-143
-190
-247
-286
-310
-334
-347
-347
-350
-356
-353
-347
-338
-314
-268
-220
-197
-177
-169
-170
-154
-134
-115
-98
-94
-92
-66
-29
4
23
8
-3
-15
-40
-57
-88
-127
-140
-146
-146
-134
-158
-209
-250
-300
-350
-386
-410
-416
-391
-348
-279
-193
-106
-17
62
139
204
238
241
242
254
264
273
283
267
257
271
286
311
341
348
347
358
368
402
427
424
425
398
374
380
383
383
378
352
322
289
257
227
190
156
125
107
114
132
145
149
134
100
60
21
-17
-62
-123
-171
-201
-205
-205
-203
-190
-183
-185
-173
-159
-149
-129
-137
-142
-129
-120
-108
-87
-84
-97
-122
-161
-192
-238
-300
-357
-410
-458
-511
-564
-616
-656
-683
-685
-663
-633
-612
-589
-560
-537
-493
-456
-429
-384
-348
-321
-262
-191
-124
-53
17
89
156
222
285
356
436
514
592
661
710
734
745
751
744
722
681
639
589
547
530
508
506
506
468
437
422
402
388
356
314
269
204
136
63
-9
-79
-166
-259
-318
-370
-413
-431
-440
-436
-423
-396
-356
-328
-315
-297
-276
-234
-187
-173
-153
-143
-149
-149
-156
-162
-172
-194
-201
-186
-166
-137
-120
-108
-101
-90
-75
-62
-55
-47
-39
-23
-2
8
0
-19
-20
-23
-29
-11
11
19
41
62
85
110
126
131
149
174
176
174
181
184
187
183
176
178
164
141
124
98
79
82
70
83
117
143
178
228
273
313
350
374
380
375
376
375
360
325
284
237
193
140
79
23
-29
-83
-126
-159
-197
-226
-258
-297
-322
-342
-356
-373
-382
-390
-412
-425
-432
-443
-458
-466
-480
-480
-461
-441
-393
-324
-258
-194
-140
-93
-67
-71
-67
-60
-79
-93
-111
-139
-149
-149
-149
-146
-155
-155
-137
-108
-64
-16
11
35
66
80
93
104
94
89
92
98
110
127
148
156
160
170
190
208
226
256
286
320
354
377
385
392
394
389
382
371
363
361
374
388
387
375
354
324
289
244
196
159
120
89
69
30
-11
-44
-100
-141
-165
-200
-231
-274
-318
-335
-360
-370
-373
-403
-412
-412
-420
-403
-374
-356
-322
-268
-215
-166
-113
-69
-35
-8
18
29
27
28
31
46
79
122
165
190
208
233
253
272
275
250
224
198
174
156
124
81
31
1
-1
-8
-16
-24
-28
-34
-16
16
8
-1
-12
-37
-49
-49
-47
-40
-60
-81
-94
-115
-132
-142
-159
-171
-156
-136
-111
-74
-46
-41
-22
3
5
-5
-26
-51
-67
-77
-81
-92
-99
-100
-107
-102
-89
-72
-52
-33
-11
14
15
13
12
0
-11
-16
-29
-44
-59
-64
-63
-62
-51
-55
-69
-71
-77
-71
-57
-44
-18
-2
0
0
0
0
5
7
3
-4
-7
-8
-15
-9
3
9
27
42
45
65
74
71
87
102
107
102
90
78
75
86
95
106
108
98
88
84
85
83
71
57
46
51
56
48
50
45
42
56
63
71
67
47
32
21
28
36
34
40
35
26
35
60
86
86
87
93
85
85
84
78
78
72
55
39
35
28
18
8
6
12
15
20
22
17
16
24
28
21
10
-6
-27
-35
-37
-43
-42
-55
-69
-74
-85
-75
-64
-62
-42
-28
-25
-10
-11
-24
-37
-58
-77
-100
-128
-145
-160
-169
-159
-160
-177
-185
-178
-169
-146
-113
-88
-68
-43
-29
-11
-3
-23
-49
-60
-69
-61
-57
-65
-74
-90
-92
-85
-68
-50
-43
-31
-11
13
41
45
37
25
3
-23
-49
-72
-96
-121
-139
-139
-129
-124
-116
-95
-68
-39
4
50
79
111
139
153
167
175
177
177
176
171
169
176
174
162
164
159
151
135
120
115
110
99
106
102
76
61
56
54
38
8
-18
-39
-66
-78
-87
-103
-114
-120
-108
-82
-61
-46
-43
-32
-5
12
26
47
40
12
4
6
6
6
7
-3
-25
-35
-28
-28
-26
-21
-19
-2
17
37
62
82
97
114
135
141
131
119
99
73
52
33
13
-12
-28
-27
-22
-15
-1
15
29
48
59
62
57
52
38
24
19
6
-20
-45
-65
-80
-88
-96
-99
-92
-85
-64
-32
-21
-13
-1
0
-7
-16
-32
-47
-64
-78
-84
-99
-106
-106
-113
-120
-111
-98
-87
-67
-41
-18
6
27
36
31
23
3
-11
-20
-39
-43
-37
-35
-27
-20
-18
-1
10
33
55
70
83
85
80
60
24
-10
-40
-62
-64
-63
-68
-71
-70
-78
-69
-50
-43
-42
-41
-35
-27
-9
6
4
0
0
-5
-7
1
6
-3
-7
-5
11
31
46
58
75
102
132
167
189
197
199
198
199
194
176
163
139
116
119
119
100
78
50
29
16
2
-5
-12
-22
-29
-37
-43
-41
-54
-72
-86
-96
-103
-107
-116
-127
-127
-128
-136
-147
-149
-142
-127
-101
-72
-47
-20
-4
11
33
43
42
42
42
43
40
41
43
25
13
12
6
8
13
15
26
44
65
71
64
58
36
14
1
-11
-28
-49
-75
-93
-96
-91
-93
-88
-74
-61
-38
-10
18
48
58
56
67
69
58
51
41
29
16
-4
-20
-21
-28
-24
-15
0
19
36
62
87
99
98
83
60
29
-2
-27
-67
-100
-130
-144
-135
-135
-129
-116
-97
-69
-41
-11
22
33
30
46
47
41
43
32
11
-5
-3
7
0
-7
-15
-22
-12
13
43
68
87
108
133
147
160
161
142
129
96
58
36
12
-11
-29
-49
-68
-88
-97
-92
-91
-74
-57
-43
-32
-28
-16
-6
-7
-6
-13
-20
-14
-14
-25
-37
-54
-75
-90
-97
-100
-92
-82
-60
-31
-8
17
34
46
57
53
48
53
68
68
57
55
44
41
32
16
9
6
15
41
60
74
94
102
107
118
117
103
95
80
51
21
-6
-25
-50
-72
-88
-111
-115
-104
-108
-97
-75
-64
-55
-43
-28
-16
-13
-15
-25
-38
-44
-50
-51
-66
-78
-78
-83
-69
-50
-44
-31
-4
13
40
68
86
98
107
115
114
103
99
88
68
48
33
17
0
0
-2
-6
-7
0
21
36
53
65
69
73
70
62
64
54
31
12
-7
-25
-31
-44
-50
-52
-67
-71
-66
-59
-48
-42
-40
-34
-35
-23
-24
-23
-25
-45
-50
-48
-60
-64
-64
-68
-62
-46
-32
-26
-13
-2
10
35
59
71
77
78
69
63
63
57
53
38
27
29
32
28
25
22
16
8
1
-2
-9
-14
-14
-9
-4
0
-3
-12
-19
-21
-22
-27
-32
-37
-45
-55
-47
-41
-43
-36
-35
-24
-3
0
0
4
0
-5
-7
-10
-25
-44
-52
-60
-52
-40
-48
-45
-42
-42
-42
-41
-30
-14
-14
-8
17
21
18
20
20
21
36
43
46
61
73
80
96
111
115
126
120
124
128
127
131
136
126
113
91
75
68
48
42
38
18
1
-8
-14
-14
-23
-32
-47
-58
-55
-68
-70
-75
-98
-98
-103
-106
-106
-104
-99
-92
-79
-60
-36
-25
-18
0
14
16
39
47
43
56
61
66
78
73
57
57
44
30
21
2
-18
-33
-43
-42
-42
-46
-51
-46
-41
-35
-21
-24
-26
-23
-36
-36
-39
-43
-36
-46
-43
-30
-25
-4
11
23
43
48
54
62
52
53
48
30
29
19
18
22
15
27
25
25
34
21
23
16
-4
9
12
6
19
15
14
9
0
4
-2
-21
-40
-55
-64
-71
-76
-78
-75
-66
-61
-53
-42
-36
-29
-20
-19
1
-1
-9
7
0
-6
11
7
4
8
-1
-6
-12
-21
-21
-21
-21
-16
-6
-7
0
22
28
37
59
59
57
64
57
57
54
49
44
41
42
46
67
78
78
96
107
107
117
109
106
108
94
91
69
52
58
37
28
21
1
0
-7
-12
-2
-12
-21
-26
-36
-30
-37
-56
-55
-62
-77
-77
-78
-77
-82
-92
-93
-108
-112
-122
-136
-133
-139
-136
-122
-112
-95
-76
-50
-33
-24
-4
9
15
25
28
28
23
21
29
25
21
26
20
29
43
43
58
67
72
86
98
109
114
113
113
113
111
95
83
68
50
41
24
8
13
0
-2
13
14
14
20
20
13
3
-10
-20
-31
-44
-50
-59
-69
-81
-96
-102
-112
-113
-108
-110
-105
-111
-120
-120
-121
-118
-112
-104
-102
-102
-90
-82
-69
-58
-56
-50
-48
-50
-40
-38
-43
-32
-28
-18
9
19
36
61
85
113
134
153
174
185
184
184
189
181
165
160
156
150
145
136
138
139
134
134
138
143
136
141
141
132
120
96
63
40
18
-6
-30
-58
-78
-91
-111
-121
-115
-118
-108
-107
-113
-110
-124
-128
-129
-141
-134
-136
-139
-134
-133
-127
-128
-123
-120
-127
-127
-129
-139
-143
-148
-149
-147
-131
-116
-102
-87
-63
-39
-21
-8
0
16
21
22
33
29
28
27
38
48
51
70
82
93
120
136
153
178
193
208
213
212
203
196
186
159
143
135
122
118
100
79
76
67
58
55
44
43
47
36
34
13
-10
-19
-35
-52
-66
-81
-85
-85
-96
-102
-99
-100
-110
-113
-125
-140
-134
-127
-118
-113
-106
-83
-65
-64
-56
-49
-49
-43
-39
-40
-50
-68
-70
-74
-85
-85
-90
-92
-78
-72
-67
-61
-48
-31
-16
0
0
0
0
-1
-6
-15
-25
-32
-40
-47
-43
-41
-33
-23
-16
-2
15
40
62
74
86
97
99
105
106
106
105
92
95
97
91
92
75
70
69
57
57
54
49
56
51
58
65
58
59
65
58
56
53
33
16
-4
-25
-43
-64
-72
-81
-101
-108
-118
-118
-107
-106
-105
-94
-82
-71
-50
-41
-42
-34
-40
-42
-45
-55
-56
-57
-54
-46
-41
-28
-4
18
42
61
81
97
112
124
118
116
121
113
102
88
77
75
59
48
49
39
30
28
27
22
20
22
18
12
6
10
14
10
2
0
0
-7
-19
-18
-18
-33
-34
-39
-50
-45
-55
-62
-50
-59
-53
-34
-36
-21
-14
-22
-15
-23
-27
-19
-28
-34
-40
-45
-42
-55
-63
-68
-85
-79
-75
-79
-72
-69
-50
-34
-25
-11
-5
1
7
6
7
6
-3
-7
-15
-22
-14
-6
-6
6
13
21
38
41
49
43
30
23
18
6
-6
-7
-13
-13
-11
-26
-29
-28
-40
-42
-45
-51
-56
-64
-62
-57
-51
-48
-50
-48
-43
-37
-27
-18
-8
-2
4
7
6
7
12
15
13
16
22
33
48
64
79
95
114
128
143
149
143
141
131
121
113
85
77
78
66
68
62
55
58
50
51
53
32
30
35
16
14
5
-7
-10
-35
-48
-52
-63
-62
-57
-64
-61
-56
-54
-43
-35
-29
-27
-21
-20
-21
-20
-21
-19
-7
-6
-5
11
15
24
41
35
39
40
34
35
35
30
22
20
22
13
9
13
1
0
-5
-16
-24
-37
-48
-54
-65
-78
-91
-91
-97
-110
-103
-99
-99
-100
-106
-104
-94
-86
-84
-87
-93
-91
-92
-87
-84
-85
-82
-75
-69
-58
-39
-19
-4
1
8
8
-2
2
13
6
12
14
11
30
35
32
46
50
63
87
85
88
90
76
82
84
78
77
58
48
49
43
42
42
43
46
36
37
39
39
42
26
18
9
-3
-6
-7
-9
-6
-18
-20
-16
-21
-20
-22
-19
-13
-14
-13
-13
-14
-14
-9
-4
0
4
18
21
22
39
41
42
59
62
67
83
76
75
93
86
87
91
78
78
76
65
69
71
63
68
72
64
64
53
48
47
32
24
16
8
5
12
14
19
19
13
15
11
6
1
-9
-15
-8
-6
-13
-8
-4
-6
4
7
7
15
21
15
11
6
8
11
10
10
-4
-7
-12
-24
-28
-29
-41
-52
-67
-79
-90
-106
-125
-134
-134
-139
-153
-156
-161
-177
-182
-177
-183
-184
-185
-199
-194
-183
-192
-179
-170
-177
-168
-150
-140
-127
-109
-100
-95
-71
-42
-30
-4
15
28
47
55
62
75
78
71
73
80
89
92
94
107
117
125
127
132
135
134
138
142
128
111
106
96
89
83
74
69
71
70
74
78
73
66
62
67
67
63
58
55
57
55
46
41
42
36
34
27
21
31
36
29
35
33
22
29
25
14
13
-2
-8
1
-10
-8
0
-11
-8
-3
-10
-9
-6
-10
-20
-19
-12
-20
-16
-13
-17
-4
0
0
4
15
20
25
29
27
29
23
9
6
7
4
11
14
14
22
16
13
20
21
21
21
21
16
5
-3
-11
-27
-39
-47
-47
-40
-50
-57
-51
-57
-51
-49
-54
-49
-52
-56
-39
-46
-51
-43
-54
-56
-56
-56
-58
-63
-63
-57
-56
-56
-57
-54
-52
-57
-40
-29
-36
-27
-21
-27
-28
-25
-17
-13
-4
1
-6
-5
-5
-7
-3
-12
-12
-6
-18
-16
-5
0
13
21
32
42
31
28
26
21
16
7
-6
-5
-3
-16
-23
-28
-28
-29
-35
-32
-18
-8
1
15
20
13
7
6
7
6
-1
-13
-22
-17
-13
-10
-4
0
12
20
25
45
57
53
60
64
68
68
61
68
68
67
78
75
84
96
90
96
96
91
97
85
79
85
65
68
75
62
65
59
48
50
45
41
43
28
19
22
12
1
0
-6
-19
-21
-25
-33
-35
-36
-33
-27
-28
-28
-27
-29
-25
-19
-16
-22
-28
-28
-39
-43
-33
-27
-33
-46
-50
-49
-50
-41
-32
-25
-20
-21
-20
-24
-29
-27
-39
-50
-39
-43
-48
-36
-38
-39
-27
-32
-29
-18
-33
-36
-24
-29
-22
-7
-19
-8
0
-9
6
15
10
20
23
20
21
20
24
29
16
5
8
3
-5
6
4
-8
4
3
-13
-13
-18
-21
-16
-20
-14
-24
-43
-40
-51
-71
-70
-76
-78
-72
-79
-79
-70
-72
-61
-52
-58
-50
-41
-43
-29
-26
-26
-15
-9
-4
0
0
4
7
6
9
19
17
19
32
34
37
42
42
42
41
33
42
47
37
33
26
12
6
6
-6
-19
-21
-25
-29
-27
-28
-27
-29
-27
-21
-20
-15
-12
-16
-21
-21
-20
-14
-13
-13
-1
0
5
25
31
38
50
61
78
84
90
107
115
128
139
142
157
166
171
182
181
176
178
173
160
150
149
145
131
114
108
102
92
84
79
66
46
33
3
-15
-20
-42
-55
-64
-81
-101
-111
-125
-145
-151
-164
-179
-185
-195
-199
-198
-198
-181
-169
-171
-162
-159
-164
-149
