-10
43
124
132
72
-40
-43
88
71
36
-110
-133
-70
-89
-42
-76
-52
-136
-175
-241
-267
-125
-33
28
-31
-11
-21
-96
-152
-238
-200
-203
-210
-198
-229
-262
-243
-245
-356
-269
-185
-237
-335
-247
-243
-199
-139
-98
-69
-136
-136
-230
-164
-165
-184
-121
-28
-9
-35
-93
-146
-118
-103
-50
17
-4
-57
-116
-116
-100
-19
9
-52
-63
-11
-9
-9
33
-12
-102
-117
-170
-223
-163
-236
-199
-137
-112
-94
-141
-241
-237
-277
-247
-220
-241
-200
-251
-166
-119
-94
-122
-242
-303
-433
-417
-436
-326
-161
-182
-48
-57
-73
-26
-100
-125
-177
-244
-275
-255
-277
-250
-215
-161
-100
-56
-13
-93
-103
-235
-219
-197
-91
10
84
187
147
90
-56
-159
-59
22
36
8
-32
22
47
51
-52
-60
-5
28
63
51
83
95
134
141
161
174
132
128
20
97
105
112
113
116
170
67
34
63
25
52
118
149
133
107
125
121
123
20
-12
-69
-71
-112
-164
-92
-147
-21
28
-31
-50
-127
-75
-88
-49
-77
-45
-94
-52
-81
-120
-145
-276
-223
-234
-88
-28
37
40
37
-16
-64
64
-74
-2
-10
-93
-114
-115
-136
-162
-150
-141
-47
53
65
-36
-21
-24
-153
-176
-130
-118
-49
-57
-144
-240
-253
-201
-3
123
234
282
199
141
54
16
80
40
46
37
-26
-3
-20
-9
-7
-124
-63
55
138
199
149
81
-109
-308
-353
-431
-319
-161
-92
22
-31
-156
-274
-306
-226
-122
-26
-55
-116
-84
-94
-140
-128
-163
-136
-94
-133
-152
-220
-286
-330
-347
-420
-379
-359
-349
-280
-194
-184
-172
-215
-239
-218
-156
-74
1
56
114
87
38
-7
-145
-36
27
14
-7
-26
-43
-142
-81
-54
-73
-31
17
96
244
284
238
297
247
299
347
268
238
201
126
41
-11
-145
-250
-323
-339
-306
-413
-440
-559
-677
-661
-742
-822
-846
-771
-651
-545
-367
-272
-292
-417
-432
-474
-444
-279
-291
-159
-239
-171
-90
-143
-149
-161
-83
-155
-183
-171
-205
-221
-197
-209
-83
18
62
175
241
325
366
488
497
533
481
434
339
364
358
443
541
529
600
546
549
549
653
754
849
1098
1353
1415
1245
1054
923
598
409
-146
-995
-1657
-1635
-1185
-920
-1008
-1244
-1304
-1111
-805
-784
-1198
-1734
-1675
-832
733
2026
2660
2424
1731
1020
358
56
90
347
435
269
51
-32
-35
-737
-1873
-2745
-3166
-2760
-1831
-697
322
897
1018
806
588
537
552
408
113
10
171
690
995
537
-580
-1723
-2462
-2505
-2076
-1410
-603
-184
80
266
323
454
526
602
870
1184
1559
1826
1768
1485
1040
449
-49
-237
-120
-32
37
-81
-242
-289
-67
291
673
1101
1545
2114
2575
2658
2130
1537
1058
520
-341
-1328
-1624
-1423
-919
-778
-1244
-2021
-2605
-2682
-2580
-2333
-2271
-1745
-417
1575
3274
4012
3606
2451
1831
1517
1440
1320
1546
1841
1845
1304
282
-638
-1408
-2420
-3441
-4083
-3752
-2256
-767
239
628
921
1197
1446
1347
957
902
1080
1357
1674
1823
1436
463
-950
-2369
-3628
-4454
-4796
-4362
-3429
-1935
-689
-104
-10
-156
-164
-216
104
816
1729
2607
3207
3149
2629
1654
433
-813
-1849
-2352
-2241
-1965
-1688
-1544
-1427
-1352
-1130
-602
-63
617
1496
2316
2840
3224
3478
3746
3710
3625
3135
2343
1811
1274
568
-457
-1509
-2360
-2819
-2940
-2649
-2032
-1597
-1512
-1667
-1889
-1798
-1541
-1333
-1189
-845
308
1796
3235
3780
3320
2357
1556
1441
1618
1682
1218
726
435
505
475
71
-883
-2056
-3034
-3504
-3340
-2818
-1997
-1139
-354
240
706
1106
1225
1257
1169
1023
787
687
931
1120
1177
729
-243
-1296
-2062
-2544
-2798
-3049
-3042
-2587
-1947
-1248
-667
-172
119
241
268
268
570
1083
1752
2330
2479
2174
1501
545
-260
-790
-1129
-1389
-1393
-1260
-928
-508
-211
-96
-282
-321
-115
533
1294
1995
2522
2695
2734
2552
2088
1501
1147
1084
1206
1384
1466
1452
1348
1066
582
-62
-668
-1017
-815
-250
325
657
589
277
-203
-796
-1278
-1637
-1836
-1702
-1006
-242
530
1029
876
377
-459
-976
-990
-529
121
670
1141
1558
1871
1754
1110
158
-821
-1351
-1309
-708
-32
407
586
586
382
146
-86
-337
-543
-539
-378
-205
2
119
147
15
-55
-55
-199
-258
-236
-263
-142
-2
130
199
316
456
569
607
565
634
663
816
1028
1256
1157
994
645
190
-96
-317
-286
-346
-417
-538
-583
-605
-692
-785
-948
-1117
-1179
-1224
-1097
-892
-714
-728
-778
-695
-541
-377
-323
-343
-327
-291
-234
-204
-55
23
143
225
168
117
96
297
214
61
-10
-228
-92
246
621
715
742
734
791
738
567
445
375
492
615
670
700
678
751
665
463
185
-38
-93
-108
-32
45
221
416
482
417
353
159
57
52
239
657
1051
1336
1355
1323
1174
844
502
160
-65
-34
49
131
71
-328
-493
-683
-928
-1036
-1103
-887
-546
-195
-11
127
199
405
607
662
642
607
711
745
831
903
895
772
620
308
-71
-374
-534
-453
-366
-338
-351
-284
-199
-107
-64
-42
13
137
372
497
514
596
609
459
278
76
0
-107
-269
-241
-270
-284
-265
-385
-364
-302
-201
-73
43
162
471
844
1098
1141
971
783
594
321
82
-138
-210
-117
-184
-241
-382
-591
-787
-1134
-1215
-1214
-1002
-647
-325
-49
92
272
445
548
573
551
549
653
630
489
484
512
468
404
189
105
64
15
-40
-108
-2
100
316
422
510
585
768
856
917
766
461
297
332
665
914
984
644
312
-24
0
92
63
23
4
52
189
610
811
684
265
-85
-121
265
682
748
610
205
-64
-258
-364
-276
-196
-126
-282
-430
-662
-722
-623
-465
-297
-99
231
429
498
457
341
128
88
145
387
579
605
480
102
-356
-732
-929
-978
-995
-1016
-1038
-1040
-941
-879
-846
-884
-928
-873
-820
-506
-98
363
716
913
1100
1066
779
545
373
351
460
549
589
679
847
802
644
225
-235
-467
-301
215
875
1314
1407
1373
1243
1145
1117
1081
1148
1184
1218
1207
1024
929
873
881
539
41
-290
-438
-381
-306
-293
-357
-326
-166
-82
-75
-265
-320
-299
-72
202
362
332
212
34
-119
-135
-291
-431
-531
-579
-658
-707
-727
-752
-910
-924
-913
-962
-823
-683
-422
-278
-37
250
471
573
622
725
765
758
772
631
405
391
364
235
59
-262
-536
-576
-570
-435
-418
-433
-380
-175
195
514
679
664
603
736
1003
1146
1198
1215
1153
1167
1007
881
833
681
591
238
-105
-295
-344
-383
-389
-494
-805
-861
-670
-366
-136
16
119
135
373
780
1102
1186
1070
961
872
690
707
863
849
838
864
898
768
670
611
874
1316
1799
2299
2440
2250
1249
-206
-1598
-2233
-1812
-833
-121
35
-64
-182
-312
-1034
-2662
-4519
-5265
-4269
-1952
352
1287
1019
481
185
189
10
-400
-595
-224
742
1548
1711
1020
-97
-1155
-1913
-2470
-2641
-2496
-2012
-1274
-703
-389
-233
-34
176
492
495
365
331
463
747
792
570
-46
-760
-911
-681
-347
59
405
866
1703
2634
3420
3848
4203
4716
5208
5606
5496
5278
4818
3630
1129
-2295
-4742
-4963
-3302
-1615
-1348
-2538
-3491
-3051
-2342
-2954
-5587
-8520
-8561
-4275
2612
7946
8840
6258
3703
3190
4099
4135
2180
-321
-1372
-287
1654
2500
1531
-1031
-4231
-6605
-7417
-7084
-6103
-4702
-2762
-178
2465
4345
5159
5102
4332
2899
845
-648
-418
1358
3014
3133
1737
-399
-2543
-4541
-6645
-8558
-9292
-7972
-5240
-2386
-333
667
982
1079
1206
1151
1048
1279
2396
4107
5323
5381
3827
1386
-779
-1974
-2755
-3577
-4237
-4325
-3279
-1572
-107
461
602
996
2123
3554
4444
4869
5355
6280
7590
8276
7726
6363
4674
2601
-215
-3544
-6178
-6705
-4969
-2268
-480
-400
-1302
-1992
-2333
-3056
-4943
-7255
-7693
-4344
2034
7764
9763
8071
5077
3449
3455
3415
2238
473
-342
459
1962
2804
2300
332
-2495
-5275
-7104
-7468
-6526
-4850
-2905
-947
992
2669
3871
4398
4187
3411
2221
982
778
1828
3464
4202
3222
1161
-1144
-3098
-4714
-6312
-7755
-8172
-7165
-4945
-2324
-412
450
563
699
1094
1467
1819
2313
3141
4196
5083
5087
3981
1886
-428
-2336
-3736
-4541
-4765
-4429
-3544
-2313
-1082
-203
270
588
966
1522
2325
3464
4871
6350
7292
7586
7007
5940
4645
3176
1600
399
-663
-2059
-4040
-5792
-5867
-3923
-1162
483
359
-938
-1735
-1589
-1319
-2440
-4349
-5623
-4005
631
5711
8106
6581
3411
1135
720
819
250
-928
-1372
-259
1667
2928
2510
827
-1620
-4073
-5805
-6486
-6351
-5542
-4146
-2103
328
2582
4020
4137
3827
3610
3381
2900
2313
2368
3369
4113
3397
1115
-1949
-4881
-6585
-7200
-6952
-6112
-4865
-3388
-1674
4
787
430
-798
-1321
-548
1559
4028
5839
6490
6052
4961
3204
1093
-1027
-2668
-3686
-4236
-4222
-3629
-2627
-1670
-1225
-1531
-1687
-901
846
2912
4383
5082
5581
6202
6811
6744
5846
4509
3189
2324
1885
1825
1827
1357
-238
-3291
-6673
-8299
-6968
-3601
-573
617
361
207
676
659
-1596
-5637
-8802
-7621
-1901
5081
9012
8384
5206
2405
1177
263
-1292
-2926
-3109
-1339
1409
3473
3823
2246
-836
-4766
-8365
-10133
-9419
-6906
-3647
-510
2503
5174
6714
6508
5034
3241
1479
147
-441
630
3007
4758
4073
882
-3236
-6485
-8304
-8974
-8570
-7233
-4763
-1863
628
1921
1872
941
-27
-170
914
2999
5494
7597
8102
6926
4108
736
-2426
-4539
-5198
-5113
-4731
-4399
-3711
-2756
-1696
-1164
-1083
-788
513
2762
4594
5425
5344
5187
5290
5132
4219
3006
2033
1677
1498
1066
531
530
1333
1213
-750
-4585
-7355
-6689
-2362
2425
4967
4456
2721
1754
713
-2139
-7551
-12302
-12435
-6134
3171
10147
11175
7649
3517
885
-416
-1499
-2028
-931
2005
5309
7061
6417
3584
-1041
-6887
-12129
-14170
-11991
-7158
-2469
781
3386
5471
6372
5431
3078
1299
1228
2150
2997
4218
6497
8155
6895
1618
-5204
-10142
-11810
-11118
-9676
-7521
-4283
-664
1556
1696
222
-1418
-2208
-1614
479
3843
7654
10463
10785
8140
3791
-532
-3805
-5456
-5482
-4576
-3661
-3019
-2630
-2110
-1678
-1392
-1206
-666
1098
3594
5693
6398
5724
4610
3977
3730
3518
2739
1501
276
-431
-610
-307
718
2208
3398
2899
-117
-4845
-7821
-6917
-2592
1344
2770
2068
1256
1174
-202
-4595
-11299
-15431
-12765
-2836
8687
15382
14558
8803
2717
-1137
-3074
-4086
-3133
-102
4019
6528
6310
3501
-1105
-6769
-12879
-16667
-15772
-10073
-2798
2705
5578
6824
7105
5933
3977
2800
3597
5452
6234
5705
5471
6075
5140
402
-6896
-12488
-13686
-11804
-9560
-7876
-5667
-2288
759
1458
441
-131
1159
3573
5959
7548
8738
9680
9469
7171
3167
-933
-4112
-6074
-7062
-6952
-6147
-5355
-4884
-4536
-3876
-2565
-658
1105
2791
4201
5315
5601
4859
3798
3254
2995
2270
921
-536
-1604
-2253
-2376
-1966
-516
2070
4598
5870
5064
1796
-3719
-8928
-9924
-5449
1653
6065
6045
2965
75
-2361
-5801
-11043
-15573
-14181
-4913
8608
18452
19532
12325
2453
-5038
-8092
-7615
-4425
1029
6616
9270
7404
2337
-4005
-10019
-15001
-17490
-15175
-7938
1292
8194
10483
9002
5735
2527
875
2032
5999
10571
12635
11347
8274
5000
878
-5171
-11696
-15113
-13825
-9782
-6284
-4846
-4349
-3482
-2100
-1330
-933
596
3984
7793
10262
10944
10002
7949
5142
2381
-28
-1629
-2846
-4738
-7261
-9228
-9398
-8264
-6625
-4941
-3003
-628
1655
3127
3506
3576
4084
5179
5662
5085
3990
2879
1717
135
-2093
-4150
-4523
-3028
-473
1721
3040
3883
3965
3545
1986
-1741
-6899
-9808
-6791
876
7547
8652
4756
-601
-3974
-5585
-7442
-10524
-11997
-7836
2820
14606
19760
14475
2680
-7732
-11960
-9996
-4320
3019
9385
11838
8257
808
-6388
-10613
-12493
-13081
-11376
-5966
2542
9857
11871
8219
2101
-2260
-1949
2991
9747
14875
16078
12937
6683
-422
-6149
-10054
-11954
-11571
-9507
-6939
-4525
-3162
-3461
-5194
-6621
-5414
-1106
4983
10378
13292
12892
10295
6840
3591
1104
-232
-611
-1155
-2554
-5248
-8319
-11061
-12235
-11538
-9173
-5499
-1311
2186
3511
2710
1188
1027
3273
7083
9911
9624
6560
2681
-265
-2426
-4314
-5755
-5565
-3181
53
2141
2410
1707
1108
742
1000
919
-761
-3264
-3190
1204
6683
8449
5194
-425
-4626
-5574
-5117
-6424
-9770
-10940
-5763
5062
13468
12784
3462
-6849
-11352
-9395
-3573
3791
11024
14635
11494
2801
-5856
-10040
-9568
-7727
-6138
-3628
1075
6140
7827
4610
-1571
-5717
-4467
1928
9872
15507
17048
13813
6141
-3144
-9473
-10269
-7211
-4529
-4174
-5116
-5034
-3639
-3346
-5509
-7867
-7000
-2010
4727
9442
10420
8375
5693
3647
2058
707
500
1278
715
-2504
-6919
-9665
-9812
-8783
-7535
-6141
-3960
-1224
396
172
-909
-1245
286
3703
7803
10442
9534
5060
-676
-4294
-4677
-2941
-1175
-500
-329
-118
-169
-655
-851
-41
1886
4499
6126
4434
-330
-3936
-2676
2444
6505
5762
1215
-3707
-5913
-5974
-7145
-10738
-13050
-8922
2002
12782
15161
7732
-2833
-9000
-8761
-3506
4459
12788
17276
14171
4363
-6512
-12228
-11396
-7156
-3622
-1536
120
1833
2028
-632
-4731
-6584
-3358
4316
12708
17930
18579
14281
5602
-4539
-10563
-8903
-2355
2490
1988
-2495
-6776
-8948
-9983
-10912
-10659
-7378
-1246
4784
7676
7020
4512
2559
2291
2862
3783
4831
5452
4031
-399
-5873
-9319
-9555
-8037
-6242
-5168
-4711
-4778
-5239
-5306
-4396
-1812
2223
6454
9448
10161
8172
4239
210
-1982
-1002
2074
4576
4367
1456
-2242
-5115
-6266
-5341
-2250
2525
7156
8729
5255
-2046
-7442
-5916
1385
8420
9616
4907
-1401
-5068
-6094
-7213
-10522
-12770
-9196
838
10860
13202
6012
-5067
-11545
-10521
-3432
5998
14807
18979
15278
4198
-8034
-13685
-10407
-2613
2742
3095
642
-1767
-4077
-7059
-9407
-8100
-1958
6629
13616
16546
15135
10191
3075
-3877
-6307
-2249
5130
9261
6519
-1264
-9499
-13903
-13739
-10839
-7572
-4651
-2026
-258
-247
-1829
-2906
-1450
2311
6152
8238
8048
6787
4423
627
-3178
-4711
-3341
-1514
-1578
-3941
-6683
-7946
-7504
-6124
-3992
-735
2796
4805
4740
4042
3778
3743
3506
3757
5066
6893
7153
4737
778
-2654
-4640
-4997
-3446
133
4012
5926
4410
-462
-6424
-8866
-4542
4462
11376
10847
4332
-2747
-5431
-4412
-3465
-5279
-7192
-5096
1527
7953
8415
1919
-6455
-10134
-7303
-232
7492
13651
15266
10122
80
-8473
-9290
-2737
4814
7050
3532
-1901
-5995
-8252
-8954
-7644
-4139
1005
5865
8780
8811
7062
4384
1828
368
1385
5444
10031
10750
5136
-4068
-11032
-11877
-8157
-4384
-3608
-5058
-6592
-7354
-7571
-6875
-4362
-304
3290
4891
4805
4787
5541
5619
3974
2002
1595
1999
1004
-2221
-6035
-8015
-7228
-4901
-2866
-2162
-2479
-3374
-4234
-3966
-1766
1592
4689
6812
7530
7402
6592
5989
5728
5077
3795
1892
673
1104
2644
3800
2749
-1608
-7595
-10820
-7591
138
6457
6698
1684
-3618
-5529
-4060
-2043
-1820
-2545
-1501
2928
7915
8976
4163
-2815
-6431
-4935
-562
4472
8686
10240
6796
-1393
-8322
-7711
-507
6501
7518
2945
-2516
-5980
-7452
-7542
-5636
-1718
2357
4641
4850
4294
4146
3962
2991
1650
2196
4856
7729
7396
2977
-3334
-7688
-7751
-4771
-1570
-1319
-4110
-8242
-11019
-11001
-8340
-4265
-283
1567
729
-845
-331
3011
6368
7122
5759
4403
3820
2733
323
-2457
-4165
-4306
-3106
-1523
-1099
-2885
-5923
-7541
-6248
-3176
-486
1285
2631
4220
5569
6036
6127
6900
8278
8946
8005
6339
4867
4477
3965
756
-5493
-10320
-9055
-2928
1936
1154
-3356
-7414
-8285
-6799
-5037
-4457
-4094
-1672
4011
9797
11070
6285
547
-1054
1515
5023
7240
8281
7239
2782
-4153
-8490
-6886
-1393
2507
2010
-1807
-5620
-7103
-6220
-4625
-3303
-2001
41
2592
3922
3683
3521
4920
6778
7008
6044
6083
6536
4917
597
-3432
-3916
-1727
-634
-1954
-4883
-7381
-9071
-9736
-9127
-7237
-3927
-528
704
-1192
-3710
-3141
1098
5715
8022
8097
7274
5460
2711
475
64
373
-223
-1570
-2416
-2540
-2927
-4450
-6060
-5924
-4236
-3046
-2956
-2464
-183
3459
6405
7697
7768
7922
8483
9287
9738
10057
10055
7589
1149
-6271
-8535
-4487
232
-81
-4880
-9571
-11337
-10574
-8661
-6962
-6351
-5820
-2856
2781
7448
7432
4275
2648
4526
8144
11248
12986
11588
6023
-2014
-7077
-5958
-838
2533
674
-5119
-10879
-13037
-11163
-6617
-2100
338
-280
-2841
-4408
-2932
1728
6936
9884
9143
7308
7153
8240
7682
4522
1305
-195
234
1074
1604
544
-3167
-8539
-12074
-11479
-7667
-3616
-1002
-1045
-4055
-6992
-6386
-1744
2842
4569
4526
4788
5309
4966
4491
5097
5427
3718
993
-450
-338
-706
-2422
-4467
-4914
-3765
-2755
-3579
-5162
-5519
-3499
-24
2818
4002
4458
6155
8451
9971
10259
10650
10821
8660
3105
-1890
-1912
1447
2311
-1690
-7378
-11344
-12493
-11063
-8517
-8076
-9994
-10410
-5844
692
3183
687
-922
2105
7788
11934
13416
12711
9739
4622
-166
-1036
2329
6117
5601
-48
-8070
-13453
-14009
-10814
-6676
-3569
-1817
-1853
-3481
-5229
-4816
-1261
3274
5553
5217
5349
7184
8274
6824
4551
3560
3183
2761
2287
2813
3048
1416
-2180
-6058
-8304
-7810
-4898
-1914
-1433
-3861
-6105
-5696
-3585
-2018
-1217
-143
952
1245
1484
2906
5048
5962
4808
2715
1751
2048
2233
975
-1128
-2176
-1357
-92
-64
-1809
-4069
-5036
-4419
-3024
-1422
422
2298
3629
5026
7198
9626
9474
5679
1657
2075
6329
8497
5593
215
-3791
-6128
-7597
-7584
-6963
-7749
-9884
-9909
-6408
-2697
-2762
-5457
-6063
-2310
4264
10413
13345
11340
6203
1627
944
4129
8522
10506
8166
1991
-5072
-9245
-9174
-6844
-5547
-6036
-6878
-6425
-4900
-2852
-1144
-323
-923
-2544
-2807
285
5510
8927
8310
4919
1499
-198
612
3016
5060
5339
3317
-22
-2936
-4301
-3925
-3137
-2980
-3626
-4138
-3847
-3187
-2807
-2965
-3411
-3609
-2803
-1080
759
1302
786
518
1611
3415
4464
3597
1484
-287
-494
242
716
410
-54
56
230
-416
-2111
-3675
-3664
-1811
204
1094
1722
3537
6408
7661
5566
1125
-1276
1387
6557
9188
6889
1675
-3464
-6748
-7494
-6267
-5371
-6331
-7632
-6805
-4342
-3457
-5504
-7014
-4769
494
5738
8705
9040
7681
5178
2764
2134
4119
7399
9188
7243
1733
-3969
-6724
-6520
-5970
-6191
-6677
-6395
-5518
-4201
-2067
654
1988
114
-3181
-3435
1401
7524
9882
7933
4426
1772
898
1588
3363
4766
4341
1508
-1946
-4063
-4001
-2984
-2181
-2284
-3277
-4242
-3920
-1745
632
1415
592
-518
-664
373
1370
1210
-14
-769
89
1770
2031
348
-1693
-2185
-1193
-431
-971
-1856
-1532
-86
1696
2811
2751
1276
-321
-1206
-623
1371
4071
5896
5931
4073
774
-2240
-1992
1976
5795
6211
2815
-1838
-5592
-6658
-5062
-3097
-3469
-6156
-7520
-5451
-2249
-1723
-3643
-4293
-2476
562
3463
5782
7112
6614
4060
1346
963
3532
6208
6290
3479
423
-1035
-1608
-2964
-4929
-5594
-4920
-4024
-3801
-3139
-1367
407
-55
-2593
-4195
-1543
3654
6857
5901
3157
1905
2552
3625
3667
2890
1779
442
-1058
-1776
-1957
-1854
-2054
-2284
-2587
-3265
-3819
-3283
-1048
1804
2995
1676
5
-36
1244
1768
771
-693
-1515
-1300
-719
-1165
-2580
-3367
-2300
-531
-444
-2266
-3691
-2837
-341
2246
4089
5122
4838
3009
836
549
2903
5919
6789
4857
1347
-1733
-2512
-31
3565
4530
1625
-2394
-4775
-5125
-4213
-2723
-2059
-4248
-7725
-8401
-4582
-74
800
-1322
-3490
-3938
-2694
524
5010
8131
7016
2324
-1492
-1043
2788
5941
5844
3299
390
-1468
-2235
-2112
-1350
-1086
-1973
-3430
-3451
-1790
-121
-31
-1566
-2562
-1584
1148
3118
3004
1848
1304
1695
2683
3735
4390
3630
880
-2118
-2544
-141
1751
618
-1894
-2762
-2154
-1855
-1976
-1188
736
2230
2244
1485
1043
1058
1588
2622
3436
2421
-105
-2017
-2668
-2824
-3176
-2624
-1290
-579
-2084
-4944
-6468
-5035
-1546
1528
2734
2468
2288
2487
2920
3169
3709
4669
5217
4207
2374
1063
905
1667
1977
1264
-237
-1844
-2927
-3365
-3335
-2719
-2510
-3969
-6805
-8126
-5918
-1661
657
-941
-4491
-6850
-5424
-847
4169
6405
4644
558
-2537
-2048
2084
6872
8636
5821
458
-2670
-1146
2808
4788
3215
-34
-2149
-2261
-1178
-270
-192
-585
-1218
-1729
-1772
-1073
331
1996
2973
2749
1395
438
887
1811
1494
124
-462
418
821
-725
-3051
-3634
-2153
-446
321
260
8
-477
-361
705
2126
2738
2935
3536
3863
2783
657
-999
-1312
-927
-661
-647
-1004
-1903
-3603
-5228
-5715
-4769
-3394
-2150
-1438
-679
418
1419
2297
2880
3567
4488
4999
4865
4327
3809
3398
2700
2086
1935
2084
1275
-692
-2644
-3053
-1909
-1537
-3567
-6816
-7775
-5241
-1584
-442
-2799
-5616
-6196
-4662
-2312
-160
1618
2220
1163
-399
-161
2735
6292
7243
4646
1587
1516
3937
5575
4459
2333
1405
1521
1539
1123
743
359
-685
-2535
-3606
-2889
-757
1011
947
-394
-1264
-1230
-1050
-1003
-298
978
1577
716
-965
-2456
-3381
-3000
-1450
-194
-7
-654
-1158
-1029
-705
-168
706
1700
2180
2359
2970
3934
4223
3197
1682
720
794
1372
1264
225
-1129
-2261
-3251
-3832
-3864
-3452
-2849
-2257
-1800
-1516
-1008
52
1365
2474
3271
3797
4002
3477
2826
3026
3631
3210
1664
506
457
534
-154
-1183
-2434
-4269
-5736
-4657
-1262
639
-1349
-5208
-7111
-5916
-3576
-1889
-1422
-1833
-2684
-2824
-1005
2214
4489
3833
1336
-190
1145
4432
7119
7237
5218
2881
1946
2897
4569
5113
3731
1306
-964
-2379
-2627
-1796
-734
-451
-1304
-2874
-4302
-4423
-2902
-669
329
-106
-543
59
491
-167
-1018
-1001
-666
-1401
-2209
-1600
409
1903
1546
-251
-1811
-2286
-1441
313
2482
3964
3889
2414
724
301
1501
2964
3059
2044
864
-104
-1094
-1611
-1608
-1293
-1080
-1264
-1560
-1935
-1916
-1663
-744
909
1934
1398
104
213
2180
3901
2993
-28
-1985
-1013
1224
1908
765
-1348
-3448
-4429
-2794
345
1920
33
-3291
-4085
-1682
1146
1430
-909
-3658
-4935
-4248
-1976
1009
3127
2570
-635
-3470
-2731
1214
4786
5336
3714
2116
1748
2551
4076
5398
5362
3804
1892
676
487
164
-608
-1310
-1520
-1705
-2791
-4384
-4978
-3941
-2569
-2163
-2332
-1995
-1214
-277
814
1899
1396
-1253
-4013
-3895
-699
2899
3951
1809
-1746
-4117
-3695
-1266
1423
2756
2493
921
-381
-162
1599
3172
2890
1488
1104
2041
2319
1430
578
861
1278
694
-510
-933
-277
167
-384
-1170
-826
230
295
-441
-557
364
1131
669
-343
-1056
-1257
-950
-336
-484
-1964
-3686
-3065
-88
1846
-66
-3807
-4893
-1790
2809
4663
2728
-680
-3123
-3860
-3035
-668
2245
3212
532
-3895
-5426
-2546
1284
2351
705
-507
26
943
1372
1815
3090
4205
3684
2171
1289
1681
1756
779
44
359
615
-540
-2300
-3247
-2824
-1991
-1599
-1562
-1810
-2069
-1302
721
2342
1616
-1264
-3603
-3048
-78
2356
1972
-348
-1984
-1900
-1362
-1072
-806
-459
-191
-499
-397
759
2383
3066
2388
1531
1604
2300
2395
1837
1819
2800
3589
2849
917
-479
-419
335
723
496
69
-472
-986
-1550
-1952
-1375
154
1337
980
-995
-2858
-2735
-1126
103
-746
-2719
-3822
-2684
-306
742
-1005
-3722
-3847
-535
3425
4804
2790
-413
-2601
-2319
56
3055
4496
2776
-958
-3927
-3655
-961
1671
1834
-101
-2016
-2190
-1045
66
739
1214
1852
1838
730
-601
-372
1544
3396
3141
1130
-533
-689
-1
162
-453
-836
-459
-142
-809
-1707
-1244
600
2120
1886
196
-1528
-2211
-1665
-535
204
-28
-1172
-2545
-3154
-2794
-2268
-2172
-2519
-2353
-1255
447
1671
1998
1679
1105
542
221
965
2877
4683
5011
3443
1103
-37
778
2405
2913
1626
-371
-1653
-1795
-1373
-952
-854
-1230
-1833
-2008
-1612
-1287
-1286
-1720
-1725
-979
165
1263
1253
-546
-3305
-3879
-854
3598
5093
2253
-1537
-2616
-746
1773
2654
1916
253
-1404
-2331
-1849
-373
549
-531
-2683
-3852
-3366
-1787
-693
-288
-510
-1148
-1582
-1132
-256
160
54
59
634
1421
1715
1427
1108
1111
1653
2367
2619
1902
738
295
652
1348
1590
1342
889
714
1196
1801
1240
-917
-3191
-3290
-1486
16
-334
-2250
-4443
-5696
-5769
-4705
-2887
-1322
-929
-1484
-1839
-1442
-389
838
1931
2621
2698
2206
1664
2080
3447
4436
3975
2610
1605
1162
367
-789
-1392
-670
190
-96
-1054
-1672
-1753
-1827
-2212
-2683
-2673
-2219
-1096
336
1094
869
-230
-1168
-1208
-41
1863
3232
2911
1385
724
1695
3305
3528
1933
-129
-1345
-1338
-401
741
1101
20
-2205
-3989
-4335
-3226
-1960
-1666
-1970
-2101
-1858
-1714
-1719
-1671
-1274
-488
215
449
408
443
767
1369
2328
3208
3499
2947
2265
2078
2398
2404
1796
1509
2456
3751
3569
2029
524
159
410
494
223
-129
-689
-2283
-4435
-5650
-5021
-3426
-2705
-3591
-4954
-5249
-3875
-2005
-732
-443
-359
-103
425
1317
2115
2676
2906
3093
3297
3475
3100
2455
1632
1102
826
412
8
-218
-266
-579
-1533
-2605
-2542
-1729
-1403
-2154
-2842
-1962
-209
725
112
-921
-1074
-424
209
587
1094
1460
1746
2055
2515
2726
2204
1205
180
-225
213
1330
2173
2026
546
-1294
-2270
-1888
-1035
-759
-1415
-2148
-2146
-1586
-909
-856
-959
-1173
-1432
-1528
-1042
-232
143
-134
-167
814
2135
2841
2322
1394
1195
1748
2417
2769
2757
2337
1547
1111
1607
2555
2762
1672
-73
-1083
-1061
-1057
-1923
-3144
-3780
-3732
-3503
-3569
-3674
-3902
-4000
-3786
-3045
-2076
-1210
-770
-564
92
902
1520
1618
1700
1944
2147
2042
1738
1758
1741
1568
875
143
-368
-650
-714
-757
-1137
-1623
-1847
-1878
-2203
-2628
-2662
-2087
-1064
-379
-542
-1193
-1611
-1396
-719
69
356
183
-120
-122
426
1090
1258
851
319
250
428
792
1282
1453
1126
393
-45
-71
-37
-214
-294
-212
-76
27
120
-34
-181
-254
-190
-19
-22
240
726
1271
1146
675
535
909
1471
1910
2248
2465
2517
2310
1781
1587
1887
2292
2701
2701
1995
757
-182
-449
-357
-650
-1551
-2550
-2706
-2278
-2246
-2713
-3103
-2853
-2451
-2227
-2093
-1596
-703
107
489
640
1174
1959
1991
1354
826
1124
2035
2405
2058
1251
713
646
663
414
40
-442
-844
-845
-409
-129
-446
-1267
-2060
-2372
-2150
-1519
-749
-256
-612
-1631
-2230
-1591
-293
444
121
-744
-1228
-790
85
692
740
318
-50
-191
111
836
1383
1459
805
38
-543
-614
-111
320
541
308
-278
-601
-100
932
1290
1009
664
743
1251
1439
1283
1178
1198
1544
1645
1487
1551
2020
2650
2783
2515
1967
1186
713
1159
2189
2862
2344
944
-497
-1053
-1000
-765
-976
-1479
-2254
-2972
-3051
-2552
-1812
-1491
-1858
-2669
-2960
-2191
-763
577
1322
1471
1154
1038
1509
2260
2522
1917
1253
1289
2117
2800
2503
1676
781
285
322
762
1017
853
662
438
226
-351
-783
-820
-737
-830
-1106
-1096
-995
-1241
-1901
-2200
-1625
-760
-850
-1712
-2327
-1835
-553
344
375
-85
-507
-594
-69
1071
2115
2343
1575
425
-60
475
1212
1123
399
-301
-679
-945
-917
-368
257
371
-98
-204
611
1360
1167
399
112
271
381
434
1050
2210
2572
1744
674
450
1170
1823
1859
1526
1185
864
527
190
59
72
-256
-1349
-2630
-3278
-2840
-1983
-1537
-1527
-1862
-2192
-2350
-2181
-1874
-1490
-566
395
961
1429
1642
1575
1260
1138
1262
1540
1785
2014
2332
2493
2147
1416
849
757
1319
1979
2149
1403
195
-357
-186
337
666
380
-485
-1464
-2021
-2042
-1764
-1192
-703
-1135
-2520
-3493
-3012
-1425
-345
-494
-1099
-1301
-951
-516
175
993
1513
1520
955
670
856
1385
1441
1054
620
642
873
305
-756
-1502
-1188
-293
509
789
595
216
-213
-359
-344
-200
120
306
317
350
636
920
1118
1204
1278
1391
1357
1281
1123
1051
733
305
114
190
319
-55
-969
-1795
-2236
-2201
-1864
-1580
-1162
-929
-1134
-1763
-2239
-2083
-1271
-32
1043
1506
1485
1178
887
893
1192
1544
1602
1422
1356
1764
2501
2741
2076
896
596
1550
2434
2311
1315
535
598
1054
1090
544
-133
-530
-652
-690
-761
-717
-604
-955
-1669
-2149
-1912
-1439
-1179
-1187
-1283
-1195
-1004
-789
-300
263
627
810
635
564
698
815
728
726
979
1089
623
-189
-1043
-1486
-1235
-677
-185
-186
-558
-956
-888
-382
-134
-72
-200
-288
-185
-80
-154
-244
-224
250
1108
1766
1764
930
227
306
905
1171
701
42
-456
-723
-1067
-1257
-1213
-1224
-1732
-2178
-2110
-1569
-1003
-920
-1191
-1398
-1307
-1098
-831
-407
401
1159
1389
817
132
-36
351
1052
1558
1659
1774
1740
1484
1081
1076
1451
1638
1415
1166
1346
1711
1455
560
-49
-28
130
-217
-377
-288
-172
-766
-1570
-1802
-1345
-707
-690
-1163
-1529
-1507
-1226
-936
-383
314
805
678
86
-217
132
792
953
744
595
676
878
746
18
-617
-680
-184
142
29
-510
-1129
-1456
-1202
-557
-9
22
-515
-975
-846
-220
130
190
39
162
601
974
1311
1386
1418
1400
1452
1270
780
103
-548
-597
-335
-203
-490
-1124
-1658
-1868
-1595
-1000
-715
-764
-911
-844
-605
-559
-696
-669
-362
202
700
706
315
-351
-692
-481
174
928
1340
1138
525
446
907
1404
1458
1136
1053
1419
1878
1719
1151
698
537
378
36
-72
105
92
-641
-1641
-1867
-1239
-519
-505
-948
-1372
-1393
-1279
-845
40
854
1113
580
-119
-379
30
749
1087
989
724
361
139
366
807
808
282
-205
-224
-21
-257
-785
-1062
-686
-314
-507
-893
-1065
-812
-286
141
226
108
-197
-379
-120
281
908
1632
1884
1348
476
76
293
566
306
-374
-717
-756
-866
-1057
-1285
-1357
-1170
-1010
-972
-871
-747
-374
151
131
-450
-1059
-1026
-212
492
392
-205
-763
-926
-876
-698
-286
26
-20
-550
-896
-346
537
1166
1134
925
916
1168
1481
1579
1554
1188
763
328
-98
-114
-43
-151
-554
-965
-1061
-895
-726
-689
-691
-576
-600
-500
-148
458
1032
1092
846
443
224
192
598
1053
1104
717
87
-146
92
531
907
916
504
103
-32
258
585
649
527
178
-63
-226
-45
188
520
502
170
-223
-319
-141
254
819
1072
1208
1148
860
525
732
1151
1377
1250
548
-137
-303
-221
-208
-456
-993
-1474
-1439
-1032
-582
-378
-399
-631
-830
-769
-458
-45
122
72
-175
-406
-372
-209
-87
-56
-214
-558
-822
-698
-331
-9
32
43
353
633
750
598
494
581
656
562
349
122
-97
-194
-294
-471
-806
-1175
-1298
-987
-564
-546
-881
-1307
-1186
-485
355
998
1014
494
-74
-156
226
849
1095
915
534
352
378
403
306
350
509
567
599
254
229
555
1018
1323
1046
524
167
128
309
478
389
164
-47
-213
-171
244
716
929
753
472
419
548
965
1446
1587
1301
814
395
398
326
107
51
-54
-326
-760
-1197
-906
-232
-131
-571
-1048
-967
-481
17
32
-130
-88
124
151
-97
-102
252
531
415
-65
-496
-402
-297
-65
310
462
467
195
-198
-45
474
849
780
286
-23
-56
73
-26
-186
-505
-827
-1076
-1135
-925
-758
-989
-1471
-1712
-1388
-722
-213
-153
-423
-458
-255
213
439
176
-42
-83
5
248
356
137
-78
-236
-316
-351
-273
96
530
657
544
454
504
663
581
511
629
667
479
212
72
218
518
620
590
326
87
-209
-297
11
554
1013
854
370
-70
-178
33
76
-23
-197
-364
-538
-635
-363
-81
-91
-459
-791
-690
-252
-64
-166
-342
-340
-191
-87
17
43
125
26
55
159
80
-34
-298
-297
108
326
59
-384
-533
-147
215
306
1
-454
-649
-660
-464
-297
-163
-162
-465
-878
-1099
-789
-367
-407
-740
-1204
-1347
-963
-348
49
51
-7
-146
-235
-144
67
229
247
116
61
186
425
558
331
196
216
238
409
493
684
816
869
905
954
1007
997
1047
1094
1184
1380
1221
844
696
694
872
695
375
109
88
72
47
129
144
166
-11
-133
-85
61
145
177
195
205
79
-122
-285
-213
-20
-87
-222
-367
-70
334
487
234
84
162
286
346
363
425
558
781
843
811
763
742
714
486
246
96
137
317
408
265
-91
-430
-733
-807
-785
-696
-620
-562
-663
-745
-574
-375
-247
-248
-393
-455
-351
-235
-211
-391
-372
-133
204
225
-121
-451
-568
-251
128
276
231
79
-121
-105
140
467
628
593
564
571
715
1004
1306
1414
1349
1167
1035
1054
992
874
599
434
416
471
252
-129
-279
-201
142
122
-134
-548
-717
-603
-361
-67
141
-47
-558
-780
-592
-37
233
19
-370
-457
7
320
-2
-407
-412
-70
-7
-316
-538
-358
20
54
-196
-246
155
364
565
626
622
749
557
280
40
-21
66
57
-19
-304
-530
-695
-733
-525
-421
-473
-705
-972
-1050
-942
-684
-542
-677
-643
-519
-322
-332
-461
-280
-68
6
-137
-322
-370
-301
-439
-567
-401
-110
-85
-226
-250
-13
348
354
164
173
454
756
984
1180
1343
1583
1561
1389
1293
1131
887
881
1290
1366
1076
400
-109
-309
-261
-148
-254
-520
-825
-858
-856
-839
-884
-920
-703
-319
-250
-412
-752
-725
-410
-226
-143
-216
-237
-256
-177
-119
70
72
83
-46
-59
248
414
426
204
108
165
323
495
601
664
461
229
162
257
509
618
380
-69
-397
-556
-504
-568
-537
-361
-229
-283
-608
-1009
-1157
-983
-472
-115
-231
-527
-780
-604
-111
235
448
462
160
-115
-86
171
566
534
338
219
80
-156
-328
-339
-104
275
385
419
481
522
434
438
770
1517
2061
1755
1176
892
1215
1769
1891
1773
1331
888
657
351
81
-116
-103
-154
-470
-867
-1011
-914
-739
-877
-1078
-1198
-1069
-812
-615
-441
-311
-267
-288
-263
-86
74
96
1
-48
330
721
816
523
292
311
614
656
424
446
629
1049
1268
1090
791
601
638
811
858
786
752
745
481
125
-269
-412
-324
-266
-431
-634
-652
-781
-926
-1063
-1011
-746
-685
-837
-1134
-1183
-942
-669
-348
50
180
-7
-356
-394
42
617
909
846
584
253
-49
-355
-408
-168
229
290
32
-228
-269
92
413
843
1124
1247
1187
843
700
952
1529
2001
1999
1606
1195
760
668
565
462
133
-467
-1062
-1389
-1363
-1283
-1132
-1320
-1477
-1668
-1587
-1537
-1510
-1181
-879
-610
-715
-805
-577
-81
165
-122
-624
-523
105
596
541
254
175
282
261
181
205
253
350
361
284
68
-32
-5
81
268
346
306
182
32
-120
-163
-81
-224
-448
-681
-639
-539
-561
-630
-707
-737
-798
-974
-1161
-1105
-972
-927
-981
-923
-655
-344
-275
-176
-140
123
386
491
551
370
198
105
199
387
488
411
221
-132
-552
-800
-658
12
664
901
551
123
41
414
1105
1765
2064
1967
1598
1286
1207
1447
1695
1600
1248
604
-51
-532
-750
-693
-608
-622
-845
-1119
-1196
-1283
-1051
-846
-635
-629
-799
-774
-400
276
645
660
463
199
302
716
978
1032
1039
865
415
220
400
822
1007
828
495
284
351
358
342
252
240
229
147
-101
-126
-76
44
53
-70
-194
-131
-112
-287
-221
-172
-184
-378
-623
-744
-634
-522
-508
-556
-712
-875
-895
-675
-321
158
350
235
183
312
421
398
226
181
266
369
305
141
20
-206
-538
-794
-665
-232
123
-67
-477
-585
-428
145
761
1145
1168
946
634
724
1111
1484
1609
1294
800
384
196
221
109
-136
-549
-891
-1146
-1304
-1315
-1252
-1009
-874
-960
-1256
-1242
-754
-98
355
467
364
271
288
381
681
909
1111
996
746
573
462
654
833
917
813
562
321
197
184
195
159
14
-120
46
32
20
56
31
165
156
144
116
-36
-141
-138
-182
-365
-468
-270
8
15
-256
-443
-386
-269
-328
-434
-530
-246
15
96
229
365
325
104
-169
-64
189
313
299
-9
-205
-334
-382
-406
-474
-439
-397
-461
-606
-673
-446
-159
40
180
268
456
633
567
692
904
1100
1063
765
524
456
516
414
176
-285
-677
-941
-1058
-1009
-819
-735
-832
-1057
-1324
-1339
-1092
-626
-334
-69
22
29
99
241
553
771
928
944
788
750
705
647
763
842
842
760
602
399
194
84
157
401
381
192
92
347
545
456
173
-82
114
293
276
64
-202
-264
-191
-138
-103
-166
-320
-571
-704
-686
-463
-225
-194
-289
-336
-207
242
556
467
222
-163
-253
-201
-53
53
10
14
-117
-189
-229
-242
-291
-383
-491
-553
-597
-507
-273
-33
86
39
8
68
272
396
569
773
674
568
450
519
548
516
458
202
-3
-242
-335
-523
-716
-917
-1069
-1160
-1169
-1038
-877
-782
-814
-887
-705
-318
203
467
518
388
274
236
177
357
542
684
1002
979
1043
866
715
728
459
597
474
386
464
567
448
363
267
475
541
368
522
590
727
762
602
358
186
166
331
410
411
178
-209
-416
-358
-166
-78
-81
-90
-184
-99
61
82
228
51
-122
-233
-99
-51
-380
-573
-470
-588
-1054
-1173
-271
358
-99
-1135
-1816
-1931
-1696
-634
-283
-1681
-2797
-1196
1219
1349
-400
-1418
-905
37
834
1791
1480
-343
-1136
493
1945
1317
-113
-382
836
1355
672
55
212
453
-46
-1266
-1547
-94
859
376
-655
-1360
-1039
-780
-1277
-1071
-140
-33
-399
-295
-320
-1029
-1668
-1174
-627
-812
-594
244
-226
-2086
-3167
-2284
-665
-193
-201
-76
-393
-985
-980
-205
479
665
331
55
38
-50
-384
-787
-547
109
235
59
231
257
-381
-816
-955
-954
-752
-482
-249
-440
-1061
-1398
-887
190
1138
1087
193
-361
-276
360
698
710
601
961
1475
1468
918
334
347
853
1558
1809
1632
1048
500
310
902
1783
2077
1514
868
594
239
-52
189
889
1116
663
-148
-721
-785
-536
-514
-999
-1569
-1680
-1623
-1527
-1419
-1428
-1524
-1572
-1293
-1059
-993
-1068
-1259
-1275
-997
-642
-508
-721
-871
-956
-890
-660
-418
-335
-281
-615
-1136
-1192
-739
-241
-229
-496
-503
-332
-353
-594
-661
-435
-210
155
333
231
224
358
269
315
673
1092
1090
864
599
435
546
879
1026
752
496
401
491
728
722
354
-72
-69
371
701
608
376
235
382
419
579
1031
1467
1542
1099
693
637
847
1086
1272
1389
1374
1146
936
989
1181
1355
1346
1247
1313
1344
1145
878
658
805
895
852
557
179
120
114
5
-214
-309
-553
-909
-1114
-1188
-941
-737
-727
-890
-1082
-1477
-1798
-1623
-1150
-690
-675
-900
-991
-699
-533
-429
-185
-12
-41
-280
-282
-99
-38
-195
-237
-192
-47
-113
-338
-699
-789
-719
-641
-724
-1033
-1272
-1196
-927
-581
-364
-256
-219
-398
-460
-293
-34
101
67
-29
-107
-162
-162
-85
168
287
237
-7
-215
-47
150
188
-22
-270
-241
-69
23
-125
-316
-19
361
414
119
-143
-61
87
300
346
409
535
577
603
467
464
663
786
915
937
839
702
723
964
1018
749
448
387
534
647
463
117
-111
-283
-462
-629
-739
-907
-848
-806
-834
-1002
-1160
-1128
-1170
-1282
-1379
-1128
-1033
-956
-963
-992
-951
-925
-771
-638
-438
-407
-522
-566
-471
-336
-399
-547
-605
-397
-323
-366
-584
-764
-1049
-1161
-1051
-1000
-883
-837
-774
-667
-675
-911
-1126
-984
-660
-311
-249
-437
-587
-567
-530
-485
-294
-6
173
-14
-357
-565
-400
42
391
555
383
-3
-209
7
204
219
244
102
-45
-40
114
233
468
595
401
83
114
499
740
702
523
512
711
741
552
599
902
1151
1081
825
806
1026
1177
1099
850
831
719
454
238
-22
-118
105
322
320
109
-193
-196
0
73
-188
-200
89
66
-319
-527
-332
12
106
48
68
145
406
528
405
264
314
539
756
631
286
170
68
27
95
47
109
26
-315
-554
-676
-670
-364
-168
-104
-145
-475
-556
-573
-349
-140
-182
-217
-138
25
-131
-237
-242
-96
-81
-164
-95
38
66
-286
-730
-764
-201
298
262
-115
-428
-433
-250
-148
-244
-125
161
379
235
3
137
441
671
777
810
854
1003
966
858
791
947
1284
1444
1307
1007
706
718
818
827
758
576
635
701
607
396
241
97
149
391
441
353
207
34
-53
-102
86
598
761
502
329
409
300
-9
24
406
765
851
543
299
203
431
704
665
520
413
251
257
415
311
-3
-163
-34
190
117
-170
-427
-465
-343
-430
-592
-574
-294
-67
-71
-164
-64
420
866
752
538
445
659
941
1119
1052
759
653
699
687
386
139
88
179
352
467
257
-293
-649
-438
-17
257
262
117
65
-58
-47
-51
81
315
415
359
129
176
416
611
464
299
274
382
631
687
489
394
321
199
321
455
383
229
142
55
-52
-2
214
188
-165
-262
-197
29
96
-99
-226
-246
-498
-522
-213
-69
