-22
-23
-65
-75
-100
-119
-112
-144
-151
-116
-130
-124
-77
-41
1
44
87
118
133
153
153
122
110
86
73
98
119
130
139
126
139
156
154
153
166
176
154
127
101
64
25
21
13
-5
-46
-75
-83
-99
-91
-93
-97
-78
-78
-76
-84
-117
-110
-112
-112
-81
-78
-70
-42
-38
-19
19
45
70
89
98
109
124
153
158
179
200
214
202
148
123
99
73
96
111
83
60
58
46
25
12
16
-4
-47
-47
-45
-87
-96
-100
-122
-156
-191
-218
-230
-233
-229
-234
-204
-158
-142
-112
-93
-77
-77
-56
-20
-20
-14
30
24
18
20
22
65
93
97
119
136
148
158
170
174
129
115
112
85
75
54
24
20
2
-34
-51
-87
-115
-143
-174
-155
-164
-216
-230
-203
-202
-214
-199
-191
-195
-176
-153
-163
-146
-117
-115
-94
-66
-49
-31
-19
-1
38
62
117
170
172
188
189
175
197
171
152
173
172
187
171
154
178
123
94
112
72
50
21
-31
-56
-101
-149
-158
-203
-235
-228
-235
-216
-192
-188
-139
-109
-98
-95
-126
-118
-76
-61
-41
-14
7
36
36
51
102
136
173
221
255
292
323
348
384
383
369
335
296
282
207
149
128
96
80
40
-22
-14
-42
-67
-40
-76
-70
-72
-118
-106
-135
-206
-230
-277
-310
-312
-349
-322
-273
-266
-218
-183
-152
-78
-36
7
84
115
142
172
178
209
208
190
208
214
212
229
274
317
327
331
340
284
232
185
129
110
38
-22
-31
-93
-147
-182
-254
-284
-306
-334
-301
-294
-311
-306
-325
-329
-351
-385
-369
-367
-351
-295
-275
-207
-132
-102
-29
30
74
151
191
243
332
364
376
386
365
359
311
269
265
237
230
232
232
250
231
211
206
137
106
61
-39
-91
-162
-256
-275
-342
-421
-422
-468
-466
-424
-448
-377
-323
-326
-248
-246
-242
-180
-173
-131
-82
-75
-11
23
55
123
133
197
257
289
379
408
429
476
482
497
496
449
436
388
337
324
260
211
175
113
77
21
-29
-47
-119
-154
-196
-271
-277
-310
-321
-286
-316
-316
-286
-291
-279
-248
-231
-197
-175
-171
-148
-112
-67
-45
7
56
65
120
166
150
223
264
236
318
364
346
403
383
343
366
309
267
255
175
140
110
45
8
-50
-94
-121
-155
-155
-197
-209
-192
-244
-244
-267
-320
-295
-312
-326
-277
-321
-302
-273
-309
-237
-226
-226
-159
-154
-85
-5
35
111
154
195
247
228
230
247
215
215
200
171
176
141
97
85
61
63
76
78
76
60
53
40
25
16
-30
-76
-115
-173
-202
-238
-313
-317
-307
-346
-305
-268
-267
-201
-174
-154
-79
-58
-37
18
7
22
42
39
73
76
93
115
107
130
156
178
195
190
210
232
229
251
228
213
238
200
200
182
120
97
52
36
60
30
18
15
-39
-42
-45
-62
-78
-102
-82
-63
-92
-98
-96
-97
-96
-88
-47
-4
5
32
57
58
58
57
76
61
42
85
86
91
131
117
136
149
130
153
176
171
189
179
139
137
92
57
56
14
-17
-18
-51
-80
-52
-68
-62
-36
-82
-94
-73
-106
-108
-74
-107
-115
-94
-135
-156
-154
-182
-195
-170
-154
-154
-133
-119
-106
-86
-48
-21
-16
2
-7
-23
-10
-29
-35
-14
-52
-80
-89
-108
-82
-71
-58
-8
-7
-10
3
19
15
-1
0
-26
-58
-54
-53
-65
-60
-49
-57
-32
-18
-17
1
-2
12
6
-19
-5
-22
-57
-57
-58
-25
35
59
59
77
77
77
64
55
58
25
21
11
10
19
-2
26
40
37
53
60
85
117
113
132
121
68
44
21
-18
-48
-62
-48
-51
-57
-20
1
-2
21
40
65
85
82
96
71
24
20
0
-13
26
23
18
63
66
49
95
99
103
135
132
116
117
111
94
113
116
117
107
79
76
78
69
54
73
77
62
40
6
-3
3
-26
-62
-42
-50
-53
-32
-59
-69
-53
-76
-64
-60
-95
-97
-117
-123
-114
-117
-103
-95
-114
-116
-116
-86
-77
-99
-73
-93
-117
-72
-56
-55
-35
-43
-16
-3
-30
-48
-58
-61
-88
-98
-95
-98
-74
-58
-43
-18
-21
-8
38
33
28
57
12
-8
3
-19
-47
-58
-67
-81
-73
-87
-82
-44
-39
-20
56
92
77
72
51
39
37
14
-2
0
-47
-77
-58
-56
-29
16
20
20
34
46
72
80
68
56
60
46
38
23
-2
6
1
-27
-19
-31
-72
-60
-38
-21
-3
16
19
20
21
49
54
35
40
30
4
-20
-16
2
-7
-21
-17
-36
2
23
-1
17
19
30
52
59
56
70
90
99
94
110
106
80
100
76
29
49
45
40
94
66
44
82
43
51
86
77
77
91
69
56
55
6
-23
-3
-4
-21
-17
-33
-17
22
-9
-41
-37
-38
-5
15
-17
-15
-1
-22
-5
-2
-24
-1
6
-2
1
-1
0
-20
-10
1
-22
-12
-9
-37
-38
-39
-46
-21
-21
-3
23
3
36
52
19
22
-1
-35
-38
-42
-53
-54
-70
-79
-62
-56
-61
-47
4
22
18
21
11
-1
19
-6
-23
-7
-35
-29
-34
-67
-78
-92
-99
-67
-72
-65
-28
-13
2
0
0
1
-12
-21
-19
-48
-58
-80
-90
-73
-92
-93
-77
-101
-75
-38
-37
-2
21
17
45
59
56
57
58
51
24
17
22
10
0
-11
-39
-36
-20
-19
-20
-12
24
61
47
30
3
-20
0
-26
-63
-42
-70
-116
-109
-91
-64
-57
-44
-13
4
29
54
58
68
81
72
94
83
80
91
73
110
106
95
118
103
78
93
97
121
126
129
172
141
121
130
83
59
48
36
74
72
57
51
21
44
38
17
34
16
-3
4
-25
-36
-5
-16
-7
8
20
18
27
41
34
10
-3
-22
-47
-58
-89
-81
-58
-56
-29
-18
-21
-18
-20
-12
1
-19
-17
-1
1
-4
-28
-48
-57
-41
-36
-18
-31
-42
-34
-20
2
-14
-10
2
13
40
36
43
50
9
-5
-25
-43
-24
-22
-40
-24
-38
-27
20
-24
-57
-69
-126
-128
-118
-148
-153
-157
-169
-140
-104
-96
-103
-95
-99
-116
-91
-76
-93
-97
-96
-98
-79
-78
-69
-38
-38
7
75
92
128
156
171
232
267
287
283
236
213
165
133
113
73
41
10
-1
10
40
29
30
41
21
19
21
8
-18
-20
-43
-88
-107
-138
-171
-144
-133
-121
-82
-96
-70
-55
-81
-59
-33
-18
13
24
51
98
113
128
136
119
114
116
114
117
114
129
136
142
158
140
135
132
115
106
83
76
77
77
95
89
53
25
14
-10
-22
-18
-53
-90
-96
-97
-95
-114
-115
-123
-125
-104
-93
-77
-76
-77
-74
-45
-31
-18
-20
-20
-43
-60
-42
-67
-98
-94
-98
-75
-42
-35
3
12
10
41
25
0
16
-21
-31
-16
-21
11
38
37
45
59
58
58
58
52
36
41
23
0
1
-2
3
5
-17
12
13
-35
-57
-58
-59
-55
-25
-38
-59
-58
-76
-76
-82
-150
-174
-141
-135
-134
-114
-82
-43
4
30
70
100
54
41
61
69
100
114
92
117
128
117
149
163
134
107
97
81
77
77
78
61
62
85
98
129
113
74
60
22
-1
-24
-69
-95
-111
-143
-132
-114
-130
-137
-134
-156
-167
-139
-131
-102
-74
-85
-74
-37
-49
-45
-10
-21
-11
16
9
-3
18
18
25
69
65
97
121
92
112
133
117
105
86
75
53
32
16
-2
-18
-23
-66
-93
-103
-118
-114
-116
-116
-116
-95
-73
-59
-58
-41
-37
-40
-62
-81
-58
-66
-75
-44
-41
-18
15
23
65
93
101
150
177
171
180
174
124
118
129
113
117
100
63
80
97
69
77
71
59
95
89
56
61
34
3
-24
-60
-85
-106
-118
-132
-136
-133
-118
-116
-115
-114
-84
-76
-68
-18
-7
-19
-37
-66
-79
-48
-36
-41
-23
-1
27
86
91
78
126
135
141
158
143
133
138
108
60
62
34
-1
16
-10
-28
-18
-42
-57
-65
-111
-133
-138
-156
-173
-174
-180
-205
-205
-202
-234
-265
-284
-298
-286
-269
-271
-250
-251
-242
-204
-192
-168
-128
-102
-90
-68
-48
-24
6
17
-2
7
21
16
45
60
60
109
114
96
116
103
86
102
74
70
100
51
42
88
105
140
184
182
173
203
213
215
242
252
250
252
249
259
312
348
329
328
323
293
308
283
232
233
210
185
150
102
87
52
17
-21
-59
-58
-102
-137
-117
-149
-130
-129
-193
-195
-199
-225
-192
-181
-196
-166
-184
-196
-190
-199
-185
-142
-137
-154
-132
-104
-96
-97
-96
-115
-91
-46
-41
-7
29
20
51
58
68
116
108
82
104
96
103
114
93
100
89
49
16
-2
-24
-55
-91
-140
-184
-219
-272
-352
-408
-458
-496
-500
-548
-613
-618
-666
-713
-670
-669
-698
-692
-727
-721
-680
-689
-671
-653
-656
-612
-533
-466
-408
-315
-193
-103
10
130
230
352
467
571
704
820
881
953
997
1041
1123
1184
1222
1265
1274
1273
1292
1257
1204
1165
1050
931
860
722
625
503
293
122
4
-129
-257
-337
-418
-514
-574
-611
-654
-679
-729
-771
-771
-797
-802
-760
-753
-734
-677
-625
-535
-419
-344
-265
-159
-65
49
171
269
344
408
478
525
604
695
735
776
836
869
932
982
962
966
941
925
910
880
837
770
663
563
473
363
246
113
-26
-138
-259
-391
-492
-606
-719
-812
-922
-998
-1041
-1101
-1173
-1245
-1306
-1325
-1334
-1318
-1317
-1343
-1278
-1250
-1222
-1104
-1062
-1040
-931
-880
-788
-646
-596
-527
-432
-405
-329
-240
-228
-164
-112
-88
-17
30
69
116
100
99
136
132
143
151
107
79
79
85
66
39
39
7
9
37
38
37
43
58
106
206
274
365
459
520
627
756
855
969
1032
1077
1153
1216
1286
1340
1395
1434
1449
1479
1506
1501
1485
1420
1340
1325
1250
1174
1124
973
856
782
641
541
431
205
43
-79
-246
-349
-450
-612
-727
-817
-902
-924
-968
-1041
-1077
-1087
-1113
-1120
-1118
-1152
-1192
-1192
-1148
-1085
-979
-886
-771
-623
-519
-375
-226
-123
2
120
195
330
431
481
586
619
636
697
730
742
755
703
638
607
548
468
380
259
144
28
-92
-222
-386
-547
-719
-871
-958
-1080
-1219
-1301
-1394
-1426
-1412
-1431
-1447
-1471
-1484
-1446
-1435
-1446
-1447
-1435
-1408
-1379
-1316
-1228
-1121
-1014
-910
-797
-678
-592
-490
-357
-280
-220
-120
-60
39
123
143
246
358
423
512
558
569
640
682
729
814
874
928
997
1053
1106
1192
1280
1346
1390
1437
1505
1589
1675
1746
1812
1863
1917
1970
2022
2074
2098
2102
2064
2019
1981
1900
1792
1687
1556
1415
1277
1093
914
747
535
353
172
-9
-178
-365
-555
-705
-853
-1009
-1123
-1227
-1343
-1424
-1476
-1532
-1565
-1576
-1613
-1641
-1596
-1556
-1511
-1453
-1384
-1327
-1224
-1131
-1053
-924
-823
-702
-561
-427
-259
-95
-7
103
223
355
507
611
683
770
853
906
961
1004
972
893
833
749
642
516
351
190
21
-153
-288
-426
-580
-724
-885
-1076
-1216
-1344
-1490
-1611
-1753
-1847
-1881
-1923
-1958
-1968
-1960
-1915
-1857
-1781
-1698
-1646
-1610
-1540
-1456
-1362
-1289
-1234
-1172
-1111
-1029
-939
-858
-770
-691
-620
-537
-446
-345
-261
-190
-136
-84
-12
28
87
170
210
267
341
430
541
637
695
768
881
978
1078
1186
1292
1399
1538
1668
1802
1959
2060
2189
2318
2428
2590
2731
2820
2917
2964
3024
3125
3158
3140
3121
3053
2992
2900
2745
2606
2400
2170
1965
1727
1505
1291
1017
740
472
231
9
-245
-513
-769
-1017
-1228
-1398
-1557
-1686
-1805
-1902
-1974
-2008
-2013
-2027
-2044
-2032
-2008
-1962
-1892
-1786
-1675
-1578
-1461
-1322
-1162
-1004
-897
-801
-636
-496
-361
-208
-94
32
113
172
268
356
407
423
400
364
320
258
169
29
-108
-247
-397
-531
-666
-846
-1038
-1240
-1426
-1562
-1703
-1851
-1996
-2126
-2229
-2310
-2360
-2382
-2430
-2463
-2466
-2427
-2304
-2218
-2135
-2010
-1881
-1701
-1506
-1342
-1168
-998
-812
-653
-523
-369
-243
-130
-9
99
225
352
437
518
573
639
731
791
828
854
867
867
889
928
960
966
984
1018
1060
1085
1150
1245
1321
1412
1557
1707
1849
2011
2137
2265
2416
2582
2750
2899
3028
3131
3245
3363
3421
3478
3530
3522
3517
3483
3404
3312
3151
2941
2736
2521
2278
1998
1690
1387
1070
761
454
138
-150
-477
-786
-1057
-1346
-1596
-1840
-2093
-2296
-2470
-2606
-2699
-2771
-2807
-2850
-2874
-2858
-2814
-2742
-2677
-2576
-2433
-2291
-2119
-1939
-1788
-1612
-1408
-1210
-1004
-807
-574
-393
-226
-36
146
339
521
669
802
924
998
1047
1064
1047
1012
939
798
641
493
320
119
-118
-375
-599
-851
-1113
-1342
-1620
-1854
-2071
-2336
-2507
-2664
-2836
-2947
-3019
-3063
-3064
-3066
-3050
-2965
-2883
-2780
-2622
-2474
-2286
-2057
-1861
-1593
-1308
-1049
-785
-526
-290
-54
156
314
476
653
800
902
1028
1156
1233
1271
1314
1369
1422
1467
1484
1483
1509
1568
1614
1659
1707
1760
1819
1848
1923
2001
2078
2169
2239
2325
2431
2523
2613
2690
2781
2876
2913
2972
3037
3072
3086
3083
3070
3057
3036
2966
2856
2740
2617
2481
2332
2173
1982
1756
1531
1285
1016
777
518
231
-50
-343
-617
-879
-1148
-1418
-1665
-1870
-2070
-2271
-2420
-2568
-2678
-2740
-2805
-2837
-2875
-2898
-2892
-2847
-2813
-2736
-2599
-2439
-2261
-2081
-1890
-1661
-1424
-1221
-1008
-830
-635
-428
-254
-74
80
231
393
492
561
618
654
695
670
614
564
499
414
308
175
57
-101
-305
-500
-703
-907
-1132
-1361
-1586
-1811
-2011
-2181
-2338
-2475
-2595
-2691
-2754
-2793
-2805
-2783
-2720
-2618
-2495
-2352
-2168
-1966
-1749
-1509
-1274
-1045
-777
-560
-357
-126
83
297
510
693
849
998
1136
1287
1405
1508
1637
1728
1782
1820
1848
1905
1927
1906
1904
1898
1936
1983
1993
2002
2046
2129
2218
2324
2429
2527
2673
2830
2954
3088
3182
3263
3328
3347
3376
3400
3375
3328
3238
3124
3027
2914
2750
2545
2322
2101
1882
1664
1433
1171
888
624
356
93
-189
-491
-791
-1094
-1389
-1644
-1882
-2159
-2431
-2647
-2823
-2968
-3077
-3177
-3231
-3245
-3240
-3198
-3155
-3099
-3013
-2899
-2784
-2648
-2467
-2308
-2161
-1975
-1761
-1524
-1279
-1053
-834
-626
-374
-91
179
434
621
802
992
1169
1314
1380
1409
1419
1373
1370
1334
1214
1087
930
782
638
456
262
22
-243
-504
-734
-927
-1169
-1441
-1710
-1952
-2131
-2317
-2498
-2658
-2812
-2894
-2949
-2961
-2946
-2947
-2874
-2768
-2623
-2415
-2201
-1990
-1777
-1552
-1281
-990
-739
-496
-288
-76
183
401
556
685
789
863
967
1076
1125
1157
1175
1208
1266
1315
1352
1382
1380
1412
1473
1570
1664
1706
1757
1844
1984
2160
2323
2462
2616
2791
2970
3144
3324
3440
3493
3541
3578
3641
3635
3561
3461
3336
3234
3108
2925
2710
2434
2151
1918
1679
1428
1184
917
619
358
127
-116
-383
-663
-974
-1227
-1462
-1700
-1898
-2101
-2308
-2473
-2618
-2735
-2860
-2988
-3072
-3136
-3140
-3102
-3084
-3078
-3041
-2968
-2855
-2697
-2542
-2384
-2198
-1997
-1749
-1485
-1226
-982
-766
-552
-284
-8
239
440
611
775
938
1095
1204
1239
1236
1230
1245
1248
1184
1073
922
772
621
480
345
153
-90
-304
-471
-603
-755
-973
-1223
-1448
-1622
-1775
-1909
-2057
-2220
-2353
-2423
-2406
-2361
-2353
-2340
-2266
-2135
-1965
-1783
-1617
-1464
-1297
-1077
-811
-578
-380
-210
-57
129
335
514
665
743
827
930
1018
1125
1176
1176
1175
1177
1206
1235
1222
1176
1131
1100
1140
1194
1256
1295
1340
1452
1617
1818
2029
2197
2343
2556
2789
3016
3216
3353
3428
3515
3588
3638
3629
3544
3419
3271
3135
2981
2809
2560
2241
1939
1678
1426
1163
855
547
249
-35
-254
-507
-806
-1102
-1401
-1660
-1894
-2101
-2314
-2545
-2744
-2902
-3001
-3064
-3132
-3218
-3257
-3251
-3217
-3162
-3121
-3093
-3057
-2988
-2883
-2731
-2578
-2435
-2262
-2070
-1861
-1589
-1348
-1132
-904
-692
-407
-115
116
367
598
787
1023
1193
1327
1438
1437
1417
1428
1401
1365
1285
1147
1036
886
728
580
399
202
-37
-263
-467
-679
-870
-1085
-1316
-1482
-1622
-1755
-1845
-1953
-2067
-2117
-2177
-2189
-2140
-2131
-2092
-2017
-1896
-1732
-1576
-1406
-1227
-1033
-826
-612
-393
-199
-52
138
323
481
650
784
867
959
1077
1159
1233
1289
1321
1337
1347
1366
1354
1313
1288
1284
1311
1366
1431
1487
1552
1671
1810
1968
2136
2289
2465
2637
2786
2972
3106
3219
3327
3368
3425
3460
3444
3394
3294
3186
3077
2902
2689
2408
2085
1758
1418
1083
739
403
93
-206
-499
-742
-999
-1268
-1507
-1767
-1987
-2147
-2307
-2467
-2614
-2721
-2796
-2866
-2928
-2959
-3006
-3028
-3029
-3050
-3016
-2965
-2963
-2918
-2843
-2770
-2647
-2534
-2435
-2289
-2129
-1958
-1744
-1573
-1404
-1184
-963
-703
-467
-258
-28
180
382
628
834
996
1125
1223
1328
1395
1435
1404
1325
1269
1174
1083
971
777
602
402
190
20
-154
-377
-544
-694
-858
-909
-983
-1074
-1096
-1134
-1177
-1159
-1148
-1165
-1173
-1148
-1081
-1003
-934
-830
-740
-635
-489
-360
-219
-94
-15
76
181
296
414
489
560
614
637
703
749
733
732
723
665
674
694
662
649
618
650
721
743
797
860
929
1044
1184
1346
1518
1683
1874
2074
2308
2508
2692
2904
3067
3226
3387
3529
3599
3619
3599
3568
3518
3401
3241
3058
2830
2566
2234
1886
1536
1161
784
421
66
-263
-579
-897
-1202
-1550
-1911
-2218
-2539
-2808
-3048
-3299
-3490
-3640
-3756
-3778
-3763
-3772
-3765
-3736
-3673
-3566
-3452
-3380
-3314
-3261
-3152
-2997
-2874
-2761
-2622
-2463
-2292
-2106
-1880
-1649
-1447
-1210
-976
-730
-454
-221
-24
195
409
599
789
936
1047
1118
1166
1231
1336
1405
1396
1370
1327
1284
1227
1139
1027
833
652
524
377
264
142
-34
-206
-370
-501
-578
-694
-800
-864
-907
-877
-787
-703
-626
-572
-476
-306
-127
92
289
394
486
608
726
846
938
990
1019
1045
1071
1082
1059
1022
949
863
840
823
775
693
580
499
450
386
348
342
289
220
232
336
457
559
675
851
1090
1338
1617
1878
2084
2280
2504
2728
2940
3120
3188
3248
3304
3317
3337
3267
3103
2916
2717
2573
2432
2195
1923
1605
1257
1004
774
517
233
-88
-345
-575
-854
-1084
-1363
-1731
-2029
-2286
-2518
-2723
-2956
-3153
-3308
-3443
-3505
-3499
-3525
-3550
-3567
-3551
-3470
-3394
-3371
-3394
-3360
-3278
-3211
-3118
-2979
-2827
-2667
-2442
-2186
-1920
-1629
-1383
-1182
-942
-670
-382
-145
60
293
502
718
916
1048
1174
1273
1354
1496
1596
1689
1769
1772
1777
1725
1584
1408
1245
1084
866
642
477
347
189
-4
-159
-297
-440
-520
-540
-539
-551
-554
-520
-536
-506
-430
-398
-367
-322
-212
-88
-60
-41
0
19
77
117
114
133
160
180
177
172
170
132
44
-43
-99
-188
-405
-686
-828
-810
-779
-803
-790
-662
-481
-372
-201
195
582
898
1361
2045
2881
3481
3775
4149
4591
4898
5048
5132
5238
5277
5080
4790
4529
4147
3553
2921
2455
2142
1738
1186
690
216
-296
-831
-1348
-1647
-1858
-2025
-2012
-1986
-1913
-1833
-1942
-2006
-1958
-1883
-1741
-1619
-1411
-1114
-902
-799
-747
-752
-807
-915
-1044
-1105
-1189
-1329
-1525
-1756
-2011
-2299
-2610
-2866
-3024
-3135
-3100
-2999
-2897
-2730
-2564
-2409
-2271
-2158
-1930
-1607
-1291
-913
-476
-103
167
354
497
570
541
576
779
1019
1192
1309
1351
1324
1194
904
580
199
-147
-390
-591
-718
-859
-1092
-1302
-1378
-1339
-1165
-885
-554
-157
267
604
897
1044
1023
1023
1021
1092
1194
1174
1087
882
576
235
-217
-643
-965
-1194
-1313
-1378
-1447
-1528
-1609
-1716
-1758
-1704
-1630
-1545
-1446
-1282
-1140
-1135
-1142
-1076
-932
-689
-345
155
648
1055
1497
1928
2361
2807
3349
4026
4681
5347
5933
6214
6234
6127
5865
5347
4702
4123
3458
2610
1782
1159
552
-98
-537
-671
-651
-576
-403
-190
-54
57
216
384
605
880
1095
1235
1330
1306
1024
565
136
-272
-719
-1078
-1290
-1459
-1672
-1833
-1915
-2095
-2271
-2263
-2115
-1937
-1735
-1415
-1154
-1061
-944
-848
-885
-1032
-1164
-1138
-1116
-1092
-1077
-1217
-1407
-1639
-1875
-2105
-2373
-2491
-2455
-2271
-1966
-1704
-1541
-1507
-1528
-1460
-1316
-1086
-817
-445
200
949
1446
1503
1290
969
530
154
-31
-203
-604
-1036
-1185
-1217
-1383
-1638
-1682
-1383
-786
9
779
1315
1570
1541
1336
1188
1016
733
518
450
522
446
77
-466
-1182
-1830
-2293
-2518
-2464
-2317
-2074
-1795
-1624
-1539
-1637
-1839
-1912
-1738
-1430
-1213
-1017
-942
-1130
-1381
-1603
-1730
-1658
-1280
-543
178
850
1484
1938
2321
2735
3456
4198
4843
5841
6843
7450
7485
7112
6547
5495
4428
3691
2857
1882
1013
501
130
-275
-448
-415
-314
51
774
1439
1795
2100
2281
2179
2047
1900
1685
1257
742
466
80
-554
-1150
-1681
-2087
-2327
-2235
-1866
-1544
-1158
-661
-238
76
338
559
595
537
610
652
426
-3
-454
-907
-1520
-2162
-2542
-2814
-3105
-3184
-3015
-2871
-2737
-2499
-2226
-1946
-1750
-1508
-1255
-1092
-792
-501
-456
-529
-666
-906
-1166
-1378
-1387
-1335
-1168
-524
310
847
980
1005
956
561
245
294
241
-190
-649
-822
-1052
-1515
-1790
-1635
-1200
-609
214
1045
1452
1396
1064
628
210
-195
-535
-719
-730
-656
-791
-1233
-1768
-2363
-2933
-3210
-3105
-2763
-2378
-1955
-1506
-1206
-1147
-1326
-1581
-1646
-1573
-1485
-1481
-1586
-1686
-1912
-2227
-2235
-1894
-1426
-926
-144
1044
2156
2949
3662
4517
5226
5607
6197
7063
7702
7844
7586
7077
6072
4634
3104
1645
432
-601
-1341
-1639
-1542
-1017
-318
468
1420
2381
3176
3655
4002
4319
4263
3996
3731
3343
2705
1785
867
-46
-982
-1727
-2179
-2290
-2126
-1613
-868
-223
375
920
1188
1246
1188
1037
625
-19
-556
-1065
-1798
-2577
-3186
-3692
-4174
-4475
-4426
-4200
-3904
-3445
-2743
-1948
-1205
-469
83
428
669
791
753
507
268
-25
-568
-1113
-1474
-1857
-2345
-2724
-2878
-2946
-2970
-2649
-1930
-1067
-79
1201
2524
3424
3797
3685
3081
2091
1105
244
-668
-1617
-2441
-3055
-3349
-3093
-2336
-1325
-98
1318
2614
3440
3662
3353
2416
903
-738
-2089
-3026
-3708
-3968
-3832
-3738
-3807
-4015
-4207
-4312
-4372
-4124
-3500
-2744
-1991
-1315
-815
-610
-713
-998
-1579
-2326
-2921
-3176
-2965
-2481
-1596
-481
273
774
1409
2324
3206
4078
5305
6493
7308
7939
8551
8845
8250
7134
5934
4497
3049
1906
1140
381
-498
-1091
-1363
-1280
-714
301
1663
3005
4315
5474
5965
6047
5682
4773
3635
2457
1603
943
316
-215
-820
-1494
-2342
-3089
-3367
-3241
-2631
-1695
-482
873
1838
2438
2661
2401
1631
317
-1010
-2147
-3141
-3844
-4314
-4511
-4648
-4713
-4500
-4199
-3754
-3164
-2487
-1732
-966
-158
520
1026
1378
1343
920
178
-667
-1447
-2145
-2540
-2647
-2659
-2574
-2323
-1928
-1606
-1396
-1176
-993
-809
-441
200
1000
1860
2762
3553
4113
4347
4063
3124
1633
109
-1300
-2613
-3492
-3867
-3843
-3529
-2775
-1458
172
1785
3261
4515
5178
4927
3883
2324
319
-1922
-3960
-5419
-6160
-6197
-5631
-4792
-4082
-3671
-3516
-3534
-3594
-3398
-2980
-2489
-1741
-837
102
706
795
566
-162
-1223
-2182
-2666
-2642
-2372
-1545
-316
685
1379
1941
2548
3145
3924
5275
6916
8357
9270
9621
9230
7809
5808
3569
1402
-232
-1299
-1690
-1627
-1288
-468
527
1640
2902
4113
5219
6073
6768
7156
6856
6008
4794
3367
1866
369
-926
-1962
-2694
-3216
-3557
-3681
-3698
-3588
-3204
-2431
-1312
-215
847
1873
2503
2612
2133
1165
-267
-2058
-3742
-5096
-6089
-6677
-6774
-6353
-5665
-4840
-3869
-2942
-2061
-1070
-133
622
1254
1667
1758
1633
1389
901
10
-1185
-2280
-3157
-3839
-4015
-3659
-3044
-2334
-1470
-651
-216
-21
43
-52
-112
61
531
1128
2001
3352
4548
4914
4517
3679
2170
220
-1177
-2007
-2790
-3447
-3525
-2848
-1938
-877
613
2130
3221
3926
4471
4497
3520
1840
-171
-2350
-4306
-5525
-5729
-5224
-4403
-3456
-2665
-2259
-2158
-2141
-2139
-2125
-2115
-2028
-1647
-1081
-564
-146
-38
-261
-647
-1028
-1171
-1177
-1213
-1173
-943
-633
-281
71
251
200
99
393
1331
2790
4801
7182
9362
10838
11232
10691
9154
6759
4325
2217
582
-577
-1178
-1011
-417
393
1404
2498
3528
4272
4952
5563
5699
5345
4595
3644
2567
1372
416
-333
-970
-1510
-1968
-2297
-2813
-3471
-3972
-4206
-4081
-3673
-2806
-1477
-168
834
1333
1120
87
-1732
-3787
-5693
-7322
-8259
-8325
-7610
-6353
-4874
-3314
-1945
-929
-65
689
1188
1450
1632
1708
1559
1251
814
72
-1089
-2374
-3411
-4135
-4459
-4245
-3574
-2700
-1781
-855
1
592
913
1070
1061
1035
1107
1327
1629
1843
1995
2084
2183
2631
3350
4009
4264
3888
2887
1388
24
-816
-1277
-1471
-1574
-1507
-1256
-813
-43
859
1723
2346
2621
2605
1999
802
-936
-3050
-4952
-6267
-6617
-5973
-4536
-2691
-1127
-40
465
362
-222
-1031
-1667
-2144
-2258
-1788
-973
-128
416
623
404
-324
-1167
-1928
-2515
-2903
-2951
-2242
-1107
124
1358
2429
3497
4500
5832
7833
9966
11621
12268
12024
10814
8532
5779
2958
420
-1905
-3683
-4055
-3393
-2009
-96
1900
3668
4608
4956
5092
4762
4108
3236
2370
1616
900
605
543
341
-189
-1343
-2892
-4649
-6280
-7338
-7791
-7426
-6348
-4711
-2715
-808
720
1350
850
-495
-2411
-4325
-5846
-6831
-7069
-6808
-6230
-5441
-4451
-3192
-2053
-1091
-236
433
954
1324
1793
2425
2802
2763
2381
1752
801
-372
-1320
-2038
-2537
-2666
-2401
-1720
-910
-149
532
874
969
959
899
925
1005
1129
1262
1329
1415
1615
2191
3161
4146
4934
5088
4404
2982
1243
-109
-1075
-1768
-2177
-2415
-2557
-2508
-1915
-689
679
1893
2870
3440
3298
2449
1255
-292
-2123
-3862
-5070
-5457
-5056
-3922
-2358
-976
-21
362
163
-287
-821
-1307
-1667
-1825
-1559
-956
-218
482
877
697
-175
-1349
-2422
-3202
-3457
-3251
-2625
-1678
-590
589
1764
3075
4565
6183
8035
9921
11516
12197
11605
9967
7444
4531
1661
-736
-2387
-3535
-4008
-3602
-2337
-429
1539
3423
4861
5446
5393
4850
4129
3182
1935
813
-266
-1193
-1876
-2454
-2921
-3700
-4867
-6323
-7896
-9025
-9454
-8953
-7445
-5194
-2599
-236
1743
3119
3489
2818
1225
-887
-3153
-5271
-6684
-7186
-7033
-6320
-5074
-3415
-1601
141
1768
3108
3976
4466
4679
4625
4327
3803
3004
1911
718
-489
-1749
-2890
-3810
-4419
-4566
-4230
-3235
-1838
-475
744
1672
2325
2744
3053
3228
3192
3090
2901
2770
2997
3717
4679
5145
4901
3978
2204
-50
-1981
-3069
-3490
-3598
-3275
-2529
-1708
-732
655
2254
3568
4313
4553
4261
3264
1687
-195
-2353
-4613
-6559
-7720
-7753
-6791
-5122
-3223
-1536
-341
70
-20
-366
-900
-1340
-1762
-1861
-1628
-1329
-703
-134
202
18
-916
-1994
-3096
-3700
-3640
-3099
-1999
-980
168
1463
2690
4330
6046
8082
10255
11970
13333
13349
11883
9175
5481
1771
-1749
-4246
-5474
-5772
-4791
-2964
-418
2217
4088
5392
5550
4726
3580
2356
1526
755
171
-271
-1019
-1809
-2708
-3580
-4619
-5977
-7116
-8212
-8932
-8875
-8068
-6390
-4349
-1948
517
2358
3566
3953
3523
2310
445
-1396
-3140
-4601
-5463
-5693
-5225
-4415
-3250
-1766
-304
1064
2217
3246
4172
4855
5328
5515
5217
4309
2889
1158
-676
-2408
-3943
-4992
-5301
-4821
-3564
-1740
205
1841
2858
3228
3181
2941
2647
2377
2266
2277
2434
2795
3515
4612
5454
5700
5074
3128
175
-2934
-5227
-6306
-6264
-5180
-3701
-2402
-1231
102
1701
3191
4501
5428
5600
4941
3443
1364
-1285
-4334
-7019
-8850
-9380
-8474
-6406
-3716
-1309
408
1195
1084
453
-468
-1271
-1839
-2021
-1549
-689
340
1154
1299
707
-608
-2189
-3457
-4185
-4291
-3877
-2952
-1675
-442
721
1966
3241
4585
6355
8788
11229
12906
13578
12942
10763
7259
3241
-588
-3987
-6456
-7538
-7112
-5408
-2816
393
3434
5523
6397
5983
4562
2571
648
-714
-1558
-1841
-1701
-1542
-1608
-2066
-2935
-4242
-5831
-7186
-8069
-8335
-7820
-6559
-4589
-2155
484
2851
4432
5012
4470
3030
1144
-816
-2502
-3841
-4718
-5018
-4923
-4486
-3747
-2692
-1503
-432
650
1739
2798
3847
4794
5510
5633
5114
4115
2639
995
-603
-2060
-3231
-4028
-4143
-3541
-2334
-667
984
2245
2717
2489
2018
1500
1103
847
812
1119
1551
2630
4561
6455
7272
6336
4042
812
-2605
-4829
-5576
-5402
-5005
-4279
-2875
-1228
638
2446
3884
4670
4609
4305
3639
2289
235
-2449
-5001
-6961
-7804
-7129
-5467
-3396
-1573
-402
22
-220
-780
-1528
-2176
-2626
-2702
-1995
-907
163
871
724
-395
-2230
-3770
-4544
-4698
-4148
-2982
-1374
75
1267
2523
3346
3561
3750
4652
6328
8301
10484
12126
12303
10816
8223
5268
2043
-1039
-3485
-5251
-6090
-5752
-3932
-1116
1702
4134
5550
5636
4583
2879
1128
-592
-1943
-2528
-2490
-2055
-1608
-1436
-1872
-3076
-4648
-6250
-7389
-7834
-7721
-6923
-5672
-4130
-2331
-575
1042
2176
2535
2206
1372
393
-539
-1282
-1789
-2253
-2646
-2821
-2722
-2187
-1286
-221
896
1929
3013
4133
5038
5653
5713
5166
4262
3184
2272
1573
811
-75
-996
-1845
-2573
-2930
-2674
-2059
-1307
-645
-121
377
582
559
460
198
-93
33
1221
3234
5245
6514
6264
4397
1430
-1550
-3677
-5102
-5863
-6258
-6186
-5241
-3437
-772
2070
4460
5998
6555
6422
5521
3759
1156
-1956
-4758
-6550
-6690
-5280
-3118
-1094
35
317
-146
-1091
-2156
-3361
-4485
-5239
-5153
-3998
-2132
-95
1238
1525
747
-792
-2311
-3541
-4115
-4059
-3484
-2164
-580
1140
2473
3120
3505
3419
3733
4948
6812
8888
10158
10603
9804
7780
5551
3273
1222
-677
-2135
-2514
-2137
-730
1311
3192
4546
4758
4319
3296
1779
415
-1052
-2169
-2840
-3055
-2475
-1869
-1416
-1442
-2240
-3444
-4912
-5868
-6223
-6165
-5598
-4850
-3796
-2714
-1697
-680
-181
-72
-221
-336
-93
105
208
16
-510
-1157
-1674
-1523
-1019
-436
148
596
1130
1690
2477
3366
3821
3845
3371
2740
2380
2277
2424
2367
1887
934
-325
-1370
-2160
-2563
-2697
-2798
-2795
-2633
-1893
-773
140
575
270
-214
-391
755
3728
6595
7736
6371
3239
-409
-3621
-4799
-4704
-4981
-6018
-6963
-6181
-3975
-735
2954
5688
7106
7161
6715
5806
3353
-478
-4975
-8700
-10276
-9187
-5791
-1922
815
1800
1129
-150
-1493
-2599
-3404
-4450
-5234
-5115
-3837
-1654
295
1417
1011
-715
-2439
-3311
-2733
-1578
-580
267
528
560
616
1268
2457
3213
4130
5698
7837
10128
11680
12277
11136
8312
5163
2520
957
-2
-542
-517
-281
578
1887
3308
4500
4672
4136
2981
1536
399
-824
-1977
-2974
-3560
-3345
-2867
-2101
-1376
-1155
-1374
-2123
-2683
-3045
-3594
-4013
-4411
-4654
-4714
-4496
-3576
-2359
-1214
-371
192
538
437
91
-419
-985
-1469
-1844
-1684
-782
569
1892
2851
3385
3398
2863
2037
1261
553
-48
-349
16
1052
2191
3080
3357
2708
1316
-364
-1688
-2382
-2591
-2496
-2493
-2481
-2179
-1781
-1581
-1919
-2597
-3138
-2993
-739
3563
7480
8901
7246
3556
-849
-4399
-5747
-5975
-6425
-7493
-8040
-6577
-3649
53
3470
5752
6877
6961
6951
6326
3977
28
-4862
-8761
-10097
-8534
-5046
-1766
294
642
-470
-1533
-2014
-1929
-1710
-1736
-1676
-1470
-849
-284
-414
-1328
-3336
-5338
-5876
-4343
-1126
2067
4117
4418
3139
1399
68
-116
450
1207
2686
5148
8369
11273
12784
12472
10026
6316
2869
556
-447
-725
-662
-327
229
1255
2692
4314
5597
6036
5782
5154
4372
3451
2146
170
-2210
-4111
-5036
-4944
-3900
-2387
-1147
-705
-764
-685
-621
-912
-1517
-2320
-3296
-4318
-4776
-4346
-3406
-2497
-1668
-795
-147
99
-55
-469
-1287
-2474
-3362
-3666
-2940
-1328
474
2239
3445
3898
3629
2874
1948
557
-923
-1991
-2276
-1583
-317
1325
2474
2630
2276
1485
677
88
-434
-1075
-2077
-2651
-2495
-2032
-1557
-1727
-2266
-3186
-3225
-169
4247
7312
7447
5000
1449
-2435
-4256
-4210
-4656
-6400
-8903
-9602
-8140
-5065
-750
3092
5905
7329
7944
8025
6322
2712
-2567
-7914
-11066
-10917
-7571
-3372
-292
695
-762
-3066
-4534
-4309
-2702
-815
1165
2843
3940
4167
3080
1105
-1946
-5229
-7163
-7048
-4845
-1871
1078
3184
3879
3600
2542
1657
1294
1534
2819
5017
7812
10093
11257
11032
9268
6756
3879
1524
271
-290
-292
-128
275
813
1033
1395
2211
3326
4461
5630
6838
7282
6512
4521
1652
-1241
-3705
-5148
-5331
-4697
-3499
-2236
-1113
-167
458
586
77
-628
-1289
-1963
-2386
-2474
-2320
-2309
-2655
-2903
-2891
-2624
-2232
-1824
-1490
-1584
-2023
-2498
-2653
-2277
-1590
-556
703
1816
2453
2667
2775
2336
1375
295
-578
-821
-568
131
986
1428
1395
985
651
695
869
872
194
-895
-1656
-2059
-2044
-2026
-2462
-3390
-4224
-2698
1243
4834
6052
4751
2337
-444
-1835
-1223
-1101
-3020
-6967
-10315
-11173
-9770
-6257
-2072
1975
5364
7821
9551
9352
6731
1851
-4033
-8329
-9555
-7408
-3736
-707
617
-570
-3328
-5875
-6809
-5785
-3683
-1012
1585
3605
4628
4017
2339
-119
-2885
-4890
-5490
-4357
-2553
-869
85
-161
-715
-1228
-1176
-218
1432
3608
5923
8592
10910
11979
11374
9062
6279
3726
1973
1329
1268
1431
1313
1156
1171
994
806
801
1402
2741
4576
6712
8175
8242
6838
4265
1474
-715
-1950
-2483
-2707
-2750
-2921
-3214
-3372
-3150
-2549
-1982
-1353
-638
-132
-28
-424
-1193
-2287
-3422
-4021
-4018
-3519
-2762
-2130
-1897
-2161
-2621
-3095
-3471
-3203
-2103
-357
1664
3319
4237
4144
3280
1960
402
-888
-1663
-1604
-708
711
2248
3158
3234
2447
1180
132
-641
-891
-957
-1299
-1457
-1462
-1283
-1134
-1448
-2249
-3704
-3830
-1259
1954
3543
2722
896
-938
-1704
92
2109
1599
-1998
-6723
-9693
-10442
-8911
-6084
-2894
655
3994
7097
8681
7684
4312
-725
-4933
-6561
-5324
-2575
-607
6
-1093
-3497
-5705
-6696
-5949
-4078
-1605
1006
2952
3944
3512
1830
-415
-2541
-3497
-3186
-1889
-224
898
807
-929
-2688
-2961
-2040
-369
1591
3678
5257
6471
8227
9946
10506
9238
7150
5652
4769
4464
4182
3299
1597
-412
-1347
-1018
42
1220
1986
2546
3175
4239
5481
6024
5617
4271
2548
1361
1170
1594
1404
321
-1306
-3170
-4427
-4587
-3723
-2376
-1179
-264
251
406
245
-362
-1296
-2338
-2882
-2652
-2169
-1631
-1257
-1562
-2630
-3968
-4960
-5551
-5469
-4416
-2553
-222
1765
3106
3832
3859
3255
1962
521
-626
-1546
-1981
-1838
-1158
-343
219
667
915
967
735
100
-806
-2158
-3434
-3858
-3360
-2106
-900
-280
-652
-1628
-1179
710
2035
1542
-59
-1267
-1600
165
3465
5135
3335
-1429
-6222
-9041
-9317
-7328
-4534
-1359
1645
4106
5898
5866
3714
-89
-3861
-5541
-4614
-1947
181
391
-1274
-4139
-6575
-7504
-6545
-4130
-1373
1002
2280
2495
2064
1054
-63
-833
-676
271
1209
1805
1542
269
-1878
-3816
-4020
-2674
-302
2269
4405
5766
5888
5853
6217
6771
7179
7290
7743
8044
7932
7476
6166
4052
1279
-1076
-2079
-1907
-720
694
1841
2496
2945
3756
4311
4339
3893
2843
1711
1150
1439
1672
1328
689
-604
-2135
-3203
-3503
-3035
-2326
-1583
-842
-256
87
120
-105
-613
-1178
-1536
-1976
-2493
-2809
-3035
-3340
-3709
-3946
-4190
-4584
-4627
-3994
-2834
-1555
-405
597
1349
2025
2683
2896
2388
1270
-159
-1421
-1853
-1486
-1009
-680
-454
-305
-297
-331
-339
-551
-1144
-1761
-1838
-1320
-586
-169
-365
-1440
-2932
-3305
-1857
773
2931
3499
2489
794
67
600
1886
2471
772
-2428
-5253
-6107
-5310
-3866
-2216
-863
594
1987
2987
3187
1872
-389
-2616
-3483
-2590
-1314
-1003
-2189
-4119
-5859
-6519
-5146
-2347
449
1976
1978
1236
463
-89
-497
-376
356
968
1299
1407
799
-728
-2520
-3427
-3066
-1581
459
1982
2862
3385
3760
4119
4675
5758
6750
7388
7748
7579
6749
5320
4188
3458
2712
2131
1598
1228
975
876
1074
1340
1962
2801
3457
3859
3896
3321
1995
842
564
827
1289
1590
1434
481
-1066
-2151
-2286
-1800
-1210
-793
-646
-880
-1240
-1524
-1643
-1571
-1737
-2087
-2148
-1988
-1887
-2322
-3391
-4529
-5507
-6154
-6057
-4956
-3193
-1704
-780
-152
320
737
1113
1486
1463
671
-378
-795
-99
1058
1731
1676
934
-218
-1310
-1769
-1579
-1521
-1866
-2156
-1827
-708
314
505
-386
-2126
-3828
-4684
-3136
283
2855
3514
2715
1682
749
559
1622
2096
1097
-1032
-2882
-3507
-3526
-3016
-2592
-1738
4
1716
3286
3971
3191
939
-1974
-3443
-2904
-1432
-598
-1193
-2716
-4821
-6159
-5519
-3517
-1201
131
189
-252
-458
0
526
841
821
245
-155
-211
-100
-372
-1456
-2576
-3182
-2587
-1012
601
2074
2871
2893
2500
2383
3206
4842
7044
8611
8729
7734
6194
4781
3866
3835
4179
3961
3450
3132
2955
2697
2358
2248
2171
1981
2148
2626
2629
1707
585
-49
-113
563
1379
1500
625
-939
-2217
-2465
-1596
-306
542
525
-391
-1846
-3279
-4067
-4001
-3373
-2526
-1670
-986
-859
-1621
-2947
-4243
-5174
-5331
-4458
-2890
-1308
-345
-250
-704
-1062
-993
-594
51
705
795
406
296
722
1415
1902
1965
1702
1256
746
296
-51
-537
-1329
-2188
-2545
-2112
-1705
-2005
-2926
-3908
-4476
-4523
-3271
-908
1137
1743
1371
1509
1976
2337
2614
2600
2052
828
-158
-678
-1220
-2090
-3120
-3036
-1581
418
1976
2633
2364
994
-586
-1282
-730
475
907
127
-1389
-3139
-4578
-5100
-4346
-3014
-1979
-1255
-682
-321
-436
-763
-967
-1065
-603
119
303
-401
-1697
-2694
-3227
-3000
-2146
-1502
-1210
-1218
-971
-376
649
2094
3234
4463
5748
6714
7140
6708
5988
4954
3713
3112
3678
5213
6302
6532
6352
5665
4766
3862
3224
2900
2443
1932
1307
841
688
371
114
-38
-38
-147
-710
-919
-541
91
687
1160
1474
956
-234
-1299
-2094
-2732
-3313
-3461
-3276
-3194
-3032
-3075
-3369
-3704
-4066
-4278
-4205
-3517
-2599
-1965
-1457
-1189
-1066
-907
-670
-446
-541
-765
-1048
-1163
-744
-200
383
1037
1529
1858
2160
2491
2295
1450
380
-909
-2097
-2653
-2415
-1885
-1683
-1775
-2273
-2948
-3154
-2908
-2299
-1687
-1220
-561
419
2491
4986
5933
4678
2502
1437
1439
2344
3746
3679
1483
-1650
-3343
-2734
-1121
424
938
668
108
-755
-1236
-1049
-494
-485
-1192
-1507
-1457
-1678
-2302
-2994
-3118
-2736
-1757
-477
399
522
-866
-2740
-3363
-2489
-1161
-637
-684
-1495
-3033
-4102
-3988
-2592
-1351
-748
-328
-257
-165
-231
36
1139
2867
4652
5396
5502
5270
4276
3019
2332
2925
4096
5049
6081
7020
7341
6730
5701
5069
4562
3865
3050
2338
1628
394
-828
-1540
-1601
-1083
-644
-117
389
591
663
447
298
80
-416
-724
-909
-1070
-1456
-2143
-2968
-3797
-4279
-4543
-4517
-4153
-3733
-3265
-2884
-2545
-2283
-2281
-2416
-2458
-2352
-2126
-1815
-1520
-1397
-1385
-1374
-1514
-1626
-1632
-1509
-893
134
1304
2481
3486
4086
3917
3180
2289
1234
310
-204
-281
-376
-845
-1331
-1711
-1870
-1777
-1431
-703
-70
267
409
458
625
686
1138
2160
2865
2799
2254
2201
2682
3116
3333
2887
1921
889
415
859
1313
1225
375
-668
-1038
-1154
-1553
-2213
-2484
-2443
-2488
-2024
-1219
-828
-893
-920
-606
-423
-320
-278
-516
-916
-1672
-2426
-2705
-2518
-2275
-2397
-2518
-2797
-3283
-3369
-2950
-2092
-1485
-1378
-1562
-1653
-1143
-796
-716
-296
360
665
411
645
1268
1373
1684
2890
4468
5146
4858
4787
5129
5772
6590
7340
7727
7095
5555
3607
1930
946
71
-598
-637
-199
204
313
692
950
576
10
-509
-585
-347
-211
-335
-781
-1325
-2217
-3313
-4050
-4413
-4580
-4681
-4424
-3747
-2908
-2119
-1690
-1442
-1222
-1291
-1504
-1614
-1674
-2058
-2855
-3363
-3475
-3428
-3023
-2371
-1571
-902
-468
47
663
1485
2339
2969
3460
3683
3549
3058
2383
1741
949
207
-357
-706
-874
-1147
-1133
-809
-414
119
734
1402
1702
1627
1464
1187
1032
1024
1167
1378
1319
1423
1795
2272
2688
2611
2410
2295
2593
3401
3680
3110
1647
-270
-1807
-2631
-2447
-2240
-2515
-2788
-2985
-2893
-2733
-2181
-1096
-183
588
899
716
284
-459
-1054
-1541
-1969
-2349
-2829
-3109
-3380
-3704
-4067
-4427
-4279
-3724
-2898
-1803
-778
-268
-484
-711
-548
-437
-365
-508
-1334
-2422
-2854
-2023
-380
1449
3007
3648
3569
3407
3656
4499
5683
6823
7502
7679
7405
6458
5258
4403
3754
3050
2457
2336
2253
1655
962
592
383
218
178
213
65
-218
-547
-1030
-1631
-2449
-3559
-4773
-5477
-5465
-5324
-5054
-4268
-3209
-2386
-1834
-1368
-1052
-770
-437
-248
-248
-534
-1379
-2640
-3400
-3346
-3025
-2543
-1710
-800
-408
-538
-497
-42
599
1131
1526
2040
2317
1970
1374
952
698
222
-293
-457
-525
-610
-604
-137
560
939
1272
1795
2389
2677
2420
2009
1666
1303
898
364
-285
-864
-1152
-1136
-802
-45
668
1358
2807
4584
5184
4310
3303
2937
2782
2647
2380
1345
-706
-2851
-3694
-3315
-2747
-2371
-1983
-1358
-734
-366
-291
-355
-209
-254
-672
-852
-985
-1599
-2450
-2805
-2897
-3608
-4332
-4275
-3662
-2963
-2548
-2221
-2190
-2444
-2518
-2391
-1887
-1267
-689
-273
-230
-215
-364
-497
-430
-377
-311
-558
-569
243
1514
2740
3489
3972
4239
4463
5151
5926
6365
6301
5666
5042
4789
4851
4635
3958
3356
2794
2447
2514
2628
2360
1476
313
-868
-2004
-2860
-3410
-3562
-3416
-3321
-3527
-3913
-4019
-3866
-3628
-3094
-2548
-2377
-2346
-2010
-1312
-917
-956
-1175
-1675
-2066
-1919
-1562
-1236
-934
-719
-719
-701
-187
339
325
122
163
246
-38
-410
-749
-1231
-1699
-1950
-1885
-1546
-1090
-611
-47
852
1742
2025
2181
2527
2913
3278
3449
3381
2914
2166
1564
1138
895
496
-238
-908
-1252
-1034
-497
158
941
1534
1996
2216
2148
1953
1432
1120
1240
1482
1700
1252
247
-757
-1107
-364
472
723
216
-903
-1674
-1644
-736
102
-3
-637
-1513
-2167
-2599
-2945
-2993
-2867
-2439
-1971
-1693
-1563
-1963
-2391
-2452
-2191
-1614
-1318
-1206
-1071
-936
-622
-400
-23
405
415
259
14
-124
-38
24
-47
-283
-408
-421
-546
-266
498
1389
2137
2731
3271
3382
3062
2670
2587
3074
3549
3564
3181
2663
2367
2335
2730
3280
3239
2492
1614
1170
1133
897
266
-433
-1084
-1540
-1547
-1387
-1453
-1629
-1707
-1689
-1695
-1673
-1801
-2359
-2918
-3064
-2839
-2320
-1553
-783
-353
-221
-246
-365
-327
63
732
1165
1169
1108
819
168
-601
-1313
-2153
-3240
-3733
-3551
-3393
-3034
-2289
-1534
-1051
-650
-18
497
919
1624
2327
2761
2925
2903
2507
1934
1475
727
-226
-859
-1120
-1111
-870
-209
558
1078
1747
2355
2487
2217
1790
1484
1230
1115
1108
905
508
-8
-612
-1353
-2060
-2303
-1814
-340
1470
2278
1740
895
997
1633
2108
2374
1581
-621
-2902
-3553
-2766
-2261
-2513
-3003
-3307
-3384
-3226
-2611
-1812
-1034
-465
-176
71
70
-200
-265
449
1790
2383
1914
1276
768
295
-245
-618
-832
-1256
-1461
-1144
-382
403
711
913
1177
1382
1135
402
120
421
764
930
1040
1020
400
-340
-640
-657
-484
-371
-56
753
1566
1871
1479
991
839
728
822
1324
2038
2393
2263
2304
2404
2024
1180
320
-244
-753
-1221
-1443
-1321
-838
-302
79
185
111
45
-135
8
594
1036
1256
1411
1628
1648
1147
319
-670
-1732
-2644
-3146
-3159
-3008
-2968
-3084
-3058
-2717
-2239
-1584
-836
-302
-181
-358
-490
-496
-462
-553
-714
-944
-1422
-1887
-1977
-1673
-1183
-753
-334
85
410
660
792
1058
1472
1843
2207
2765
3438
3698
3513
3035
2179
1109
170
-86
284
720
1087
1112
808
520
352
489
750
888
701
41
-797
-1619
-2140
-2274
-2034
-1488
-1188
-1271
-1263
-803
-105
160
-90
-640
-1449
-1981
-1719
-544
715
1226
1405
1635
1840
1811
1572
1211
538
-130
-285
12
501
805
866
783
549
324
35
-309
-370
-189
13
199
312
197
-219
-821
-1479
-2070
-2447
-2500
-2282
-2060
-2005
-2176
-2561
-2968
-3165
-3089
-2913
-2762
-2481
-1847
-900
8
749
1290
1595
1781
1761
1601
1450
1352
1485
2049
2953
3682
3881
3826
3894
4207
4508
4602
4587
4411
4160
3949
3769
3437
2594
1477
498
-196
-676
-1121
-1386
-1457
-1501
-1612
-1842
-1988
-2105
-2286
-2232
-1922
-1674
-1774
-2144
-2485
-2787
-3222
-3701
-3952
-3968
-4018
-4039
-3858
-3620
-3478
-3291
-2776
-2197
-1887
-1759
-1556
-1131
-533
239
1049
1547
1664
1583
1503
1589
1863
2268
2612
2941
3233
3239
2941
2621
2640
2885
3242
3714
3957
3633
2759
1807
961
117
-507
-794
-930
-1095
-1096
-907
-883
-1063
-1366
-1793
-2110
-2137
-1799
-1412
-1160
-709
-302
151
953
1464
1106
292
235
1021
1702
2139
2144
1324
89
-323
608
1392
1043
306
19
407
1112
1924
2316
1841
1024
325
-144
-631
-1493
-2417
-2816
-2366
-1573
-1410
-1865
-2476
-2930
-3140
-3133
-2957
-2963
-3129
-3124
-2823
-2301
-1977
-1859
-1648
-1281
-1009
-1349
-2081
-2574
-2711
-2623
-2363
-1947
-1603
-1540
-1334
-660
202
978
1759
2686
3556
4133
4328
4049
3662
3690
4099
4671
5290
5719
5672
5332
5144
5219
5183
4961
4781
4524
4019
3429
2744
1851
834
-102
-815
-1353
-1687
-1880
-2293
-3116
-4057
-5000
-5902
-6379
-6319
-6024
-5733
-5467
-5137
-4860
-4552
-4002
-3456
-3045
-2791
-2765
-2902
-3021
-2746
-1997
-1098
-244
257
428
504
704
1312
2201
3026
3462
3461
3297
3066
2841
2724
2700
2866
3140
3600
4211
4527
4367
3871
3223
2657
2306
2197
2123
2035
2046
2009
1835
1486
1141
816
294
-149
-450
-925
-1527
-2022
-2277
-2455
-2740
-2979
-3212
-3503
-3835
-4056
-3910
-3459
-2778
-1974
-1116
-194
547
1035
1467
1703
1381
687
335
639
1037
1146
1036
550
-366
-1211
-1367
-1022
-886
-999
-925
-696
-561
-490
-362
-357
-578
-705
-629
-572
-684
-879
-982
-1137
-1376
-1631
-1924
-2012
-1804
-1338
-797
-461
-177
37
109
93
-170
-609
-1097
-1464
-1392
-1075
-843
-878
-1038
-1045
-907
-565
-81
537
1183
1669
2122
2369
2206
1835
1626
1881
2417
3116
4028
4725
4986
5035
5099
5000
4459
3799
3165
2421
1807
1481
1343
1013
431
-123
-593
-929
-1089
-1264
-1733
-2566
-3297
-3586
-3504
-3121
-2896
-3152
-3683
-4062
-4021
-3603
-2982
-2442
-2294
-2474
-2655
-2725
-2698
-2491
-2107
-1698
-1236
-595
174
786
1193
1427
1424
1185
947
1001
1312
1690
2249
2941
3534
4009
4327
4455
4362
4057
3797
3685
3527
3214
2851
2476
1962
1258
499
-127
-613
-894
-798
-506
-333
-327
-402
-465
-574
-830
-1221
-1706
-2089
-2261
-2320
-2341
-2410
-2543
-2834
-3228
-3591
-3878
-3884
-3520
-2840
-2086
-1731
-1653
-1609
-1589
-1380
-1070
-776
-608
-588
-481
-381
-367
-450
-651
-744
-556
-49
620
1153
1597
2079
2521
2764
2826
2723
2294
1854
1712
1779
1837
1612
1303
991
548
253
186
238
329
449
734
1088
1390
1482
1274
831
171
-521
-972
-1050
-730
-327
-89
15
-54
-256
-485
-595
-597
-667
-836
-953
-948
-927
-881
-761
-680
-727
-850
-978
-1116
-1325
-1483
-1493
-1376
-1132
-890
-809
-875
-990
-1107
-1067
-704
-39
656
1056
1163
1091
876
695
701
924
1275
1591
1802
1863
1716
1359
879
497
369
390
458
619
732
769
902
1202
1645
2043
2227
2379
2545
2533
2340
1922
1124
10
-1089
-1864
-2307
-2452
-2365
-2167
-1929
-1710
-1350
-836
-363
8
203
176
103
150
305
400
306
20
-295
-586
-867
-1042
-1170
-1243
-1105
-618
169
940
1410
1599
1676
1638
1546
1585
1691
1527
1124
646
39
-802
-1808
-2629
-3027
-3029
-2719
-2184
-1625
-1138
-665
-243
-3
-61
-476
-1096
-1538
-1620
-1562
-1539
-1587
-1808
-2184
-2535
-2691
-2589
-2418
-2204
-1741
-1113
-392
423
1225
1801
2058
2090
2032
2012
2194
2578
2911
2990
2860
2596
2300
2159
2203
2288
2286
2277
2390
2531
2483
2339
2094
1638
1175
832
527
142
-275
-597
-787
-848
-796
-895
-1257
-1754
-2211
-2514
-2531
-2274
-1973
-1748
-1551
-1332
-1135
-994
-995
-1045
-1159
-1285
-1282
-1301
-1527
-1920
-2296
-2463
-2327
-1905
-1349
-920
-660
-578
-621
-678
-693
-643
-526
-272
100
537
876
1067
1213
1253
1172
1035
878
744
661
637
802
1130
1457
1768
2129
2507
2903
3283
3582
3807
3798
3533
3309
3082
2643
2041
1269
353
-467
-976
-1037
-753
-485
-303
-110
-70
-136
-230
-453
-780
-1093
-1281
-1248
-1079
-974
-1181
-1703
-2333
-2847
-3111
-3182
-2998
-2630
-2224
-1634
-811
66
819
1343
1621
1669
1647
1674
1694
1613
1256
632
-102
-796
-1206
-1285
-1090
-706
-297
124
512
901
1206
1239
1078
809
489
207
53
94
96
-42
-218
-453
-748
-1121
-1453
-1706
-1949
-2101
-2191
-2217
-2151
-2020
-1854
-1748
-1648
-1518
-1442
-1347
-1189
-1025
-815
-462
40
499
753
850
937
1137
1423
1741
1959
2035
2112
2243
2542
2968
3316
3499
3532
3580
3700
3662
3288
2615
1757
850
148
-182
-358
-662
-1113
-1542
-1783
-1830
-1654
-1322
-1011
-769
-563
-441
-434
-499
-684
-978
-1212
-1342
-1474
-1657
-1906
-2170
-2439
-2643
-2666
-2542
-2416
-2287
-2095
-1901
-1623
-1198
-732
-291
-18
54
-96
-477
-950
-1471
-1952
-2123
-1966
-1531
-936
-313
296
710
961
1177
1322
1391
1458
1599
1818
1968
1999
1897
1638
1306
1068
1014
1169
1444
1704
1818
1777
1713
1680
1735
1963
2212
2350
2454
2575
2729
2782
2506
1944
1193
384
-207
-495
-524
-420
-285
-62
259
645
970
1053
875
543
219
-23
-183
-282
-438
-661
-850
-912
-893
-904
-953
-1022
-1078
-1101
-1083
-1066
-1023
-900
-746
-484
-184
-1
33
-111
-289
-442
-680
-916
-1098
-1475
-1854
-2093
-2201
-2121
-1930
-1701
-1447
-1198
-925
-586
-260
40
314
464
522
540
463
296
27
-165
-171
-185
-173
-156
-284
-498
-735
-880
-938
-981
-898
-724
-464
-81
335
676
783
739
579
317
222
263
290
285
226
142
96
234
493
656
668
621
587
584
677
893
1130
1355
1546
1598
1418
966
351
-290
-822
-1087
-1127
-1103
-1099
-1095
-1080
-1055
-902
-680
-452
-209
49
346
576
595
375
-70
-573
-924
-1038
-924
-712
-556
-522
-577
-597
-562
-526
-489
-420
-317
-126
219
636
1024
1223
1211
1062
831
610
496
386
264
186
75
-17
14
183
458
759
962
1023
880
573
338
182
20
-169
-443
-697
-814
-725
-478
-262
-176
-176
-154
-10
312
639
728
642
579
638
938
1408
1828
2006
2000
2039
2197
2353
2364
2157
1727
1193
792
619
522
425
287
206
260
484
795
961
921
718
331
-118
-509
-788
-1001
-1150
-1111
-971
-915
-962
-1160
-1476
-1783
-1962
-1979
-1920
-1839
-1720
-1605
-1453
-1151
-795
-517
-418
-471
-620
-785
-919
-1074
-1345
-1709
-1940
-1932
-1662
-1235
-832
-612
-550
-488
-306
-66
88
107
-54
-311
-541
-680
-759
-795
-762
-624
-421
-260
-248
-430
-708
-923
-965
-822
-564
-267
-77
-9
-13
-121
-289
-453
-521
-417
-165
155
402
519
524
534
659
925
1282
1572
1677
1689
1747
1821
1879
1934
1931
1882
1950
2167
2419
2541
2449
2198
1886
1637
1512
1357
1032
646
239
-110
-352
-474
-571
-762
-969
-1120
-1224
-1324
-1447
-1596
-1819
-2001
-1983
-1830
-1644
-1458
-1324
-1323
-1347
-1202
-896
-591
-313
-130
-96
-111
-26
200
431
661
923
1132
1268
1353
1377
1266
994
770
710
744
846
906
818
636
465
326
137
-118
-467
-895
-1271
-1479
-1494
-1453
-1542
-1619
-1578
-1451
-1110
-653
-298
-79
128
393
725
1033
1209
1204
1076
1075
1320
1630
1856
1898
1730
1594
1709
2008
2298
2393
2280
2069
1903
1908
2001
2008
1798
1426
1056
740
483
108
-456
-1084
-1658
-2005
-2139
-2158
-2138
-2214
-2280
-2171
-1968
-1749
-1599
-1651
-1843
-2105
-2357
-2559
-2781
-3005
-3084
-2997
-2750
-2339
-1961
-1768
-1761
-1789
-1760
-1658
-1538
-1400
-1240
-1089
-824
-474
-147
112
288
370
469
639
835
969
980
909
862
925
1128
1447
1708
1842
1906
1896
1830
1766
1705
1603
1489
1487
1572
1634
1689
1668
1537
1378
1212
1036
795
473
160
-64
-175
-108
98
324
517
740
1014
1239
1333
1239
953
551
249
111
-32
-154
-264
-407
-498
-416
-210
-30
36
-17
-151
-332
-456
-486
-523
-621
-681
-635
-584
-554
-509
-591
-801
-953
-1018
-991
-890
-759
-580
-368
-82
269
540
704
790
767
718
710
668
610
537
412
289
183
83
-7
-144
-307
-409
-436
-523
-650
-747
-836
-891
-803
-628
-488
-437
-537
-745
-1031
-1320
-1521
-1666
-1822
-1903
-1893
-1829
-1656
-1403
-1134
-886
-677
-477
-302
-128
73
288
487
669
903
1208
1580
1962
2282
2461
2545
2611
2678
2734
2778
2744
2601
2407
2207
2001
1772
1585
1435
1245
1038
842
605
307
-69
-427
-748
-999
-1107
-1141
-1181
-1248
-1379
-1568
-1768
-1909
-1970
-1985
-1891
-1697
-1500
-1298
-1115
-928
-695
-446
-162
141
385
505
517
419
253
129
32
-51
-80
-65
-63
-28
79
201
265
271
248
163
4
-141
-246
-359
-484
-539
-486
-357
-194
-68
-36
-85
-199
-309
-395
-454
-478
-555
-677
-760
-808
-866
-881
-835
-726
-572
-410
-254
-123
-10
76
188
375
587
833
1017
1126
1264
1363
1398
1454
1513
1514
1493
1484
1482
1476
1466
1463
1444
1392
1359
1326
1238
1117
963
811
670
512
318
116
-141
-425
-608
-743
-786
-677
-616
-616
-638
-763
-909
-1015
-1135
-1260
-1394
-1518
-1585
-1634
-1691
-1690
-1706
-1776
-1766
-1681
-1568
-1410
-1271
-1084
-850
-664
-479
-404
-468
-606
-709
-784
-872
-884
-832
-806
-762
-651
-572
-472
-350
-265
-150
-36
41
139
233
303
344
347
349
426
535
659
855
1036
1207
1399
1617
1848
2094
2342
2557
2687
2723
2661
2545
2439
2351
2271
2234
2236
2245
2243
2173
2060
1884
1682
1533
1405
1277
1115
877
588
312
46
-182
-392
-622
-853
-1069
-1256
-1390
-1468
-1493
-1518
-1584
-1671
-1800
-1967
-2145
-2336
-2532
-2682
-2737
-2698
-2620
-2544
-2475
-2403
-2328
-2186
-1971
-1803
-1706
-1622
-1596
-1567
-1497
-1421
-1346
-1261
-1122
-942
-712
-444
-187
4
90
117
143
175
233
307
375
493
649
841
1085
1285
1425
1543
1633
1682
1702
1728
1807
1925
2080
2227
2322
2369
2367
2294
2168
1936
1655
1429
1206
1046
934
769
612
511
437
456
528
541
500
412
328
316
329
301
224
74
-72
-190
-273
-317
-402
-510
-558
-561
-538
-503
-517
-593
-624
-619
-599
-534
-543
-624
-691
-740
-761
-814
-919
-1081
-1299
-1450
-1518
-1496
-1424
-1359
-1271
-1164
-1046
-932
-851
-879
-970
-1057
-1115
-1104
-969
-799
-642
-481
-339
-228
-167
-154
-153
-158
-119
11
159
331
496
607
722
842
926
977
1033
1082
1168
1298
1409
1529
1643
1741
1817
1905
1952
1874
1719
1508
1284
1139
1002
863
725
541
374
277
250
236
149
18
-176
-433
-651
-815
-998
-1210
-1359
-1439
-1447
-1338
-1171
-1011
-859
-752
-642
-576
-581
-575
-613
-653
-612
-520
-407
-276
-137
28
200
374
534
601
624
636
657
753
853
929
994
996
947
891
776
599
409
177
-17
-195
-361
-519
-711
-925
-1096
-1222
-1331
-1428
-1521
-1545
-1557
-1621
-1642
-1636
-1654
-1630
-1575
-1489
-1388
-1253
-1055
-802
-508
-234
-9
204
404
562
762
973
1134
1276
1437
1630
1850
2030
2151
2197
2140
2071
1979
1838
1743
1647
1530
1498
1456
1346
1189
960
711
540
388
240
119
-5
-100
-156
-199
-214
-273
-391
-516
-671
-777
-844
-908
-944
-944
-951
-967
-960
-943
-920
-854
-728
-598
-535
-482
-460
-464
-420
-366
-313
-267
-256
-252
-181
-80
11
64
23
-10
-42
-111
-156
-239
-345
-381
-398
-398
-364
-431
-569
-681
-817
-953
-1050
-1116
-1131
-1062
-947
-760
-526
-288
-47
170
380
554
647
656
658
690
718
744
769
726
698
738
777
846
927
947
944
974
1001
1093
1160
1154
1155
1083
1017
1032
1041
1042
1029
958
876
786
700
617
517
425
341
293
312
360
396
406
364
272
164
58
-47
-171
-335
-466
-547
-559
-559
-552
-516
-498
-505
-472
-434
-405
-351
-374
-388
-351
-326
-294
-238
-230
-265
-333
-438
-524
-649
-816
-971
-1114
-1244
-1389
-1533
-1674
-1782
-1855
-1861
-1802
-1721
-1663
-1601
-1521
-1459
-1341
-1240
-1165
-1044
-947
-873
-713
-519
-337
-146
48
243
426
605
774
969
1186
1396
1609
1796
1930
1995
2025
2042
2023
1961
1852
1736
1600
1486
1440
1380
1375
1375
1272
1189
1146
1094
1056
969
855
731
556
372
172
-26
-216
-452
-704
-865
-1007
-1124
-1172
-1196
-1186
-1151
-1077
-967
-891
-857
-807
-752
-636
-508
-470
-416
-389
-405
-405
-424
-441
-469
-528
-548
-507
-452
-374
-326
-295
-275
-246
-204
-171
-150
-128
-107
-64
-7
23
0
-52
-57
-65
-81
-31
31
52
112
171
233
300
343
358
407
473
480
474
494
501
509
499
478
486
446
384
337
267
216
225
191
227
320
391
484
621
744
852
952
1018
1034
1020
1023
1019
978
885
772
646
525
381
217
64
-81
-226
-343
-432
-535
-616
-703
-809
-875
-931
-969
-1013
-1038
-1061
-1121
-1156
-1174
-1205
-1246
-1268
-1304
-1305
-1252
-1199
-1068
-880
-702
-529
-382
-254
-183
-194
-182
-165
-216
-255
-302
-378
-405
-405
-405
-397
-421
-421
-374
-296
-175
-44
30
97
181
218
255
285
256
242
251
267
299
345
403
426
436
463
518
567
615
697
779
870
962
1024
1046
1066
1071
1057
1039
1010
987
982
1018
1055
1053
1019
962
880
787
663
534
434
328
244
190
82
-30
-120
-272
-383
-450
-544
-628
-746
-866
-911
-980
-1005
-1013
-1096
-1120
-1120
-1142
-1096
-1017
-969
-877
-729
-586
-451
-309
-190
-96
-22
51
80
75
77
85
126
216
334
449
517
566
635
689
741
747
681
610
539
475
426
339
221
85
3
-4
-24
-44
-67
-77
-93
-45
46
24
-4
-35
-103
-134
-135
-128
-111
-164
-222
-256
-313
-361
-386
-433
-466
-426
-372
-304
-201
-126
-114
-60
9
15
-15
-71
-141
-182
-211
-221
-251
-269
-274
-292
-279
-244
-198
-142
-92
-30
39
43
38
34
1
-31
-46
-81
-121
-162
-176
-172
-171
-141
-152
-189
-193
-210
-195
-157
-120
-50
-7
1
0
1
-1
15
21
9
-12
-20
-24
-42
-26
10
25
76
115
123
177
202
194
238
279
291
279
245
213
204
234
258
289
295
268
241
229
232
227
193
157
126
141
153
133
136
123
116
153
173
193
182
128
88
58
77
99
93
110
97
73
97
165
235
234
237
253
232
232
230
213
212
196
151
108
96
78
50
24
19
35
41
56
60
47
44
66
78
59
29
-18
-76
-96
-103
-118
-116
-151
-188
-201
-233
-204
-175
-169
-115
-78
-68
-28
-31
-66
-103
-158
-210
-273
-349
-396
-437
-460
-433
-436
-483
-503
-486
-460
-399
-308
-240
-186
-117
-79
-30
-9
-65
-134
-164
-190
-166
-157
-178
-201
-247
-251
-231
-187
-136
-119
-85
-32
37
112
124
103
70
10
-63
-135
-197
-261
-329
-378
-380
-352
-337
-317
-259
-185
-107
11
137
216
303
379
416
455
476
483
482
480
465
461
480
475
442
446
434
411
368
327
315
299
269
289
278
207
167
153
148
105
23
-51
-108
-180
-213
-237
-282
-312
-328
-296
-223
-168
-127
-117
-89
-16
34
72
128
110
35
11
19
19
19
20
-9
-68
-96
-78
-78
-73
-59
-54
-7
47
102
171
225
264
311
368
384
358
325
269
199
143
91
38
-33
-78
-74
-60
-43
-5
42
80
131
162
170
157
143
105
66
54
18
-56
-124
-177
-219
-240
-261
-269
-250
-233
-175
-87
-58
-36
-3
0
-20
-45
-89
-130
-175
-213
-229
-269
-289
-288
-309
-328
-302
-267
-238
-184
-114
-51
17
76
98
85
65
10
-32
-56
-106
-118
-101
-96
-76
-57
-51
-5
29
91
150
191
226
232
218
164
66
-29
-110
-171
-174
-173
-187
-195
-191
-212
-189
-138
-117
-115
-114
-96
-75
-27
19
12
-1
1
-15
-21
5
18
-10
-21
-15
31
86
125
158
205
278
360
456
514
537
542
538
542
528
478
443
379
316
324
324
274
213
137
81
44
6
-15
-34
-62
-81
-103
-119
-112
-147
-198
-234
-263
-282
-292
-316
-347
-346
-348
-372
-400
-407
-387
-346
-276
-198
-130
-56
-12
31
90
117
115
116
115
117
111
112
117
69
38
34
17
22
37
42
71
122
177
195
175
158
99
39
5
-31
-78
-135
-204
-255
-261
-248
-253
-240
-201
-168
-105
-29
50
132
158
154
183
190
159
139
112
81
45
-13
-56
-59
-78
-67
-41
0
54
100
171
237
271
268
227
165
81
-6
-75
-182
-273
-354
-392
-368
-369
-352
-316
-266
-189
-114
-31
62
91
83
127
128
113
119
87
32
-15
-10
21
1
-20
-41
-62
-34
36
119
187
238
294
363
401
435
438
387
351
262
159
100
34
-30
-80
-135
-187
-240
-265
-251
-248
-202
-155
-118
-89
-77
-46
-19
-20
-18
-37
-57
-39
-40
-68
-103
-149
-206
-247
-264
-272
-250
-223
-165
-85
-22
48
93
127
156
145
133
146
185
186
157
150
121
113
87
45
27
17
41
112
165
201
256
277
293
321
320
281
260
219
140
59
-17
-69
-137
-198
-240
-304
-313
-285
-294
-264
-205
-176
-151
-119
-77
-44
-37
-41
-70
-105
-122
-137
-141
-181
-213
-212
-228
-190
-137
-120
-85
-11
36
110
187
235
268
291
314
311
282
270
241
185
132
91
47
-1
2
-7
-19
-20
1
59
98
144
179
189
199
192
171
174
149
86
34
-20
-69
-85
-121
-137
-143
-182
-194
-180
-162
-132
-116
-110
-94
-97
-64
-67
-65
-68
-124
-137
-133
-163
-175
-176
-186
-171
-127
-88
-71
-37
-7
28
96
162
194
211
213
189
173
172
156
145
105
74
80
89
78
68
61
44
22
4
-7
-26
-39
-40
-26
-13
2
-9
-34
-52
-58
-60
-76
-87
-102
-123
-151
-130
-113
-118
-100
-97
-67
-9
0
2
12
0
-16
-20
-28
-68
-120
-142
-163
-143
-111
-132
-124
-115
-116
-116
-113
-82
-40
-39
-22
47
59
50
57
57
58
99
117
127
168
199
218
262
302
314
343
328
337
349
345
358
370
344
308
249
206
187
132
115
105
49
4
-24
-39
-39
-64
-89
-128
-159
-151
-187
-192
-204
-268
-267
-281
-290
-290
-284
-269
-252
-217
-164
-98
-68
-49
0
40
45
107
128
118
153
168
180
214
200
156
155
122
83
58
7
-49
-90
-118
-115
-115
-125
-139
-127
-113
-97
-58
-67
-72
-65
-99
-100
-108
-119
-99
-126
-119
-82
-68
-13
32
65
118
133
149
170
142
146
132
82
80
53
49
62
41
76
68
68
95
58
64
45
-11
26
34
19
54
42
40
26
1
13
-6
-58
-109
-150
-175
-193
-209
-214
-204
-180
-168
-146
-115
-100
-79
-56
-53
3
-3
-26
21
-2
-19
31
21
11
23
-4
-18
-35
-58
-58
-58
-59
-45
-19
-20
1
60
78
101
161
161
156
176
156
155
149
134
121
114
115
125
182
214
213
263
291
292
319
297
290
295
257
249
190
142
159
103
77
58
3
2
-20
-34
-8
-35
-59
-71
-100
-82
-102
-154
-151
-170
-211
-210
-214
-210
-225
-252
-254
-295
-306
-333
-370
-362
-378
-371
-332
-306
-259
-207
-138
-90
-66
-12
26
43
70
78
78
65
59
81
69
58
73
55
81
117
117
160
183
198
234
268
298
310
308
307
309
302
260
226
187
138
114
66
23
36
-1
-8
38
39
39
56
56
38
10
-29
-56
-85
-121
-138
-162
-190
-222
-261
-278
-306
-307
-296
-300
-286
-303
-327
-328
-330
-321
-305
-285
-278
-279
-246
-224
-188
-158
-153
-138
-133
-136
-111
-104
-118
-88
-77
-50
25
53
99
168
233
308
366
417
474
503
501
501
515
493
450
437
425
409
394
371
377
380
364
366
375
389
372
384
383
359
327
263
172
109
50
-19
-84
-159
-213
-249
-302
-331
-313
-323
-296
-292
-307
-301
-337
-348
-351
-383
-366
-371
-378
-366
-362
-346
-348
-335
-326
-346
-346
-353
-378
-390
-404
-406
-401
-357
-316
-277
-237
-173
-106
-58
-22
-1
46
59
60
90
80
77
76
105
133
140
192
224
255
328
372
416
486
525
567
580
576
552
533
507
434
390
368
332
323
274
216
209
183
158
150
120
118
129
99
94
37
-29
-52
-96
-142
-181
-222
-232
-233
-261
-278
-269
-273
-299
-309
-341
-382
-366
-347
-322
-308
-289
-226
-178
-174
-154
-134
-134
-119
-106
-109
-137
-187
-191
-203
-233
-231
-247
-251
-214
-196
-183
-166
-132
-85
-45
-2
1
0
1
-3
-19
-42
-68
-87
-110
-129
-118
-113
-90
-65
-44
-7
41
109
171
202
235
266
270
286
290
289
286
250
260
264
248
251
206
192
189
155
157
147
134
153
141
158
178
160
162
177
160
154
145
91
45
-11
-68
-119
-174
-197
-222
-275
-295
-322
-321
-291
-289
-286
-257
-223
-194
-136
-114
-115
-94
-110
-116
-123
-151
-154
-155
-148
-125
-113
-78
-13
49
116
166
222
266
306
339
322
316
329
308
277
240
211
205
161
133
135
107
84
77
76
60
57
60
51
34
17
28
40
28
8
-1
0
-21
-53
-50
-50
-92
-95
-107
-138
-124
-150
-169
-136
-162
-144
-95
-100
-58
-40
-61
-42
-63
-76
-54
-77
-94
-109
-124
-115
-151
-172
-185
-232
-215
-205
-215
-196
-188
-137
-95
-68
-30
-14
5
20
19
20
17
-10
-21
-42
-61
-39
-19
-17
18
38
59
105
114
134
119
84
65
49
17
-17
-20
-37
-37
-32
-71
-79
-77
-111
-116
-124
-140
-153
-174
-170
-155
-141
-133
-136
-131
-117
-103
-76
-49
-23
-7
12
20
18
21
35
41
36
46
61
91
131
174
215
260
312
349
391
406
390
385
356
329
307
233
210
212
181
185
171
150
158
137
141
144
87
83
96
45
40
15
-21
-29
-96
-131
-142
-173
-171
-155
-174
-168
-154
-147
-119
-97
-80
-74
-59
-56
-59
-57
-58
-53
-20
-19
-14
32
42
67
112
96
108
109
94
97
96
83
62
56
60
38
26
36
5
0
-15
-45
-67
-103
-131
-148
-177
-212
-248
-249
-265
-301
-280
-269
-269
-273
-290
-285
-256
-234
-229
-238
-253
-249
-251
-237
-230
-233
-223
-204
-189
-159
-108
-53
-13
4
23
24
-7
8
36
17
33
39
31
82
97
87
125
137
173
238
232
240
246
209
224
230
212
210
160
133
134
117
115
116
117
125
100
101
106
107
115
71
49
26
-10
-19
-21
-25
-19
-51
-56
-45
-59
-55
-60
-52
-38
-39
-38
-38
-39
-39
-26
-11
-2
12
49
59
60
108
113
116
162
171
184
228
207
204
253
234
238
248
213
212
208
179
188
193
172
185
196
176
174
145
133
128
89
67
46
24
16
33
39
54
53
36
41
30
17
3
-27
-42
-24
-18
-38
-22
-12
-17
13
20
20
43
59
42
32
17
22
30
29
28
-11
-21
-33
-66
-77
-81
-112
-143
-183
-215
-245
-290
-340
-365
-364
-380
-417
-426
-438
-481
-495
-481
-497
-502
-505
-541
-529
-499
-524
-487
-463
-482
-458
-410
-381
-346
-298
-274
-260
-193
-115
-82
-13
42
77
128
152
170
206
214
194
200
219
244
252
256
292
320
340
347
359
369
364
375
388
349
304
288
263
244
228
203
190
194
191
202
214
199
181
170
183
182
172
158
152
156
151
126
114
116
98
94
75
58
86
99
81
97
91
62
79
69
39
37
-6
-22
3
-29
-23
2
-31
-23
-9
-29
-27
-17
-28
-55
-53
-35
-57
-44
-38
-47
-11
2
-1
11
41
57
70
79
76
79
63
27
17
21
11
32
40
40
60
45
37
55
58
58
58
59
44
14
-9
-31
-74
-108
-128
-128
-110
-136
-155
-139
-155
-141
-134
-149
-134
-142
-153
-107
-126
-141
-117
-148
-154
-154
-153
-158
-173
-172
-156
-154
-154
-155
-148
-143
-156
-110
-81
-100
-76
-59
-76
-78
-70
-48
-38
-11
5
-17
-14
-16
-21
-10
-35
-35
-19
-49
-45
-14
2
36
58
87
115
86
78
72
58
45
20
-17
-14
-9
-46
-64
-78
-77
-79
-96
-87
-51
-22
4
42
56
36
21
19
21
18
-3
-36
-61
-48
-38
-28
-13
0
33
57
68
124
157
145
165
174
186
185
168
186
185
184
213
204
230
262
245
263
263
249
266
231
217
231
178
187
206
171
177
161
133
138
124
114
117
77
54
61
35
3
0
-19
-54
-58
-68
-90
-96
-98
-91
-76
-77
-77
-76
-79
-69
-54
-44
-62
-78
-77
-107
-119
-90
-74
-90
-125
-138
-134
-136
-114
-88
-68
-56
-59
-56
-66
-80
-74
-106
-137
-108
-118
-133
-98
-104
-107
-75
-89
-79
-51
-90
-100
-67
-81
-62
-21
-54
-23
2
-26
18
43
29
57
64
55
59
56
66
80
44
14
23
10
-14
18
12
-23
13
9
-38
-36
-51
-59
-44
-56
-39
-66
-118
-111
-139
-195
-191
-207
-212
-198
-216
-216
-192
-196
-168
-143
-158
-138
-112
-117
-81
-71
-71
-41
-27
-13
0
-1
12
21
18
26
54
48
53
89
95
103
116
116
116
112
92
116
128
103
92
71
34
18
17
-18
-54
-58
-68
-80
-75
-78
-76
-79
-75
-59
-56
-43
-34
-45
-58
-58
-56
-39
-38
-37
-3
0
15
68
85
105
138
168
213
229
247
293
315
350
379
388
427
453
465
496
492
479
484
472
437
408
405
396
357
312
296
277
250
229
215
180
127
92
10
-41
-55
-116
-151
-176
-222
-276
-304
-342
-396
-412
-446
-488
-503
-530
-542
-539
-539
-493
-460
-465
-440
-432
-446
-406
